file	adv	stop	volume_15	OccTime	HeadwayFoll	GapFoll	HeadwayLead	arrival_time	volume_cycle	travel_time	is_lane_M	is_lane_R	SCA_GY	SCA_YR	SCA_YY	car_follow
20221206_0745_0815	100092	200094.0	223.0	0.3	33.3	32.9	69.4	2.8	35.0	5.0	0	1	0	0	1	0
20221206_0745_0815	100155	200157.0	223.0	1.0	16.0	15.7	8.6	-5.4	35.0	6.1	0	1	0	0	0	0
20221206_0745_0815	100156	200159.0	223.0	0.3	23.0	22.7	42.6	-0.4	35.0	4.2	1	0	0	0	0	0
20221206_0745_0815	100158	200161.0	223.0	0.3	8.6	7.6	3.3	3.2	31.0	6.5	0	1	0	0	1	0
20221206_0745_0815	100216	200217.0	223.0	0.3	24.1	23.6	19.2	-3.9	31.0	3.9	0	1	0	0	0	0
20221206_0745_0815	100434	200438.0	229.0	0.5	42.2	40.7	43.3	3.4	20.0	8.2	1	0	0	1	0	0
20221206_0745_0815	100524	200525.0	229.0	0.3	15.1	14.7	50.1	2.2	21.0	7.4	1	0	0	0	1	0
20221206_0745_0815	100564	200569.0	229.0	0.4	9.7	9.4	1.8	-1.4	21.0	4.3	0	1	0	0	0	0
20221206_0745_0815	100566	200571.0	229.0	0.3	1.8	1.4	7.4	0.4	45.0	6.2	0	1	0	0	1	0
20221206_0745_0815	100567	200573.0	229.0	0.3	17.4	17.1	43.2	0.7	45.0	7.8	1	0	0	0	1	0
20221206_0745_0815	100638	200639.0	229.0	0.3	12.0	11.2	19.3	1.2	30.0	6.3	0	1	0	0	1	0
20221206_0745_0815	100693	200695.0	229.0	0.5	10.4	10.1	23.2	2.8	44.0	8.5	0	1	0	0	1	0
20221206_0845_0915	100106	200107.0	214.0	0.3	50.7	49.9	15.6	0.8	26.0	5.2	0	1	0	0	1	0
20221206_0845_0915	100150	200151.0	214.0	0.2	27.3	26.3	10.5	-2.8	26.0	3.5	0	1	0	0	0	0
20221206_0845_0915	100250	200253.0	214.0	0.6	13.6	13.3	43.4	-1.8	40.0	6.8	0	0	0	0	0	0
20221206_0845_0915	100374	200382.0	167.0	0.4	7.0	6.8	28.8	-5.4	15.0	5.4	0	1	0	0	0	0
20221206_0845_0915	100377	200384.0	167.0	0.3	3.6	3.2	5.9	-3.1	15.0	3.9	1	0	0	0	0	0
20221206_0845_0915	100381	200388.0	167.0	0.5	1.6	1.1	4.9	-0.6	15.0	5.4	0	0	0	0	0	0
20221206_0845_0915	100385	200389.0	167.0	0.4	5.9	5.6	43.9	2.8	26.0	6.2	1	0	0	0	1	0
20221206_0845_0915	100467	200469.0	167.0	0.3	13.2	12.9	36.7	2.1	14.0	5.1	0	1	0	0	1	0
20221206_0845_0915	100468	200470.0	167.0	0.4	10.1	9.8	25.5	2.3	14.0	6.9	1	0	0	0	1	0
20221206_0845_0915	100566	200568.0	167.0	1.6	42.7	42.3	40.3	3.1	30.0	8.6	0	1	0	1	0	0
20221214_0745_0815	100073	200076.0	238.0	0.4	12.6	12.3	8.9	3.4	36.0	6.4	0	1	0	1	0	0
20221214_0745_0815	100137	200138.0	238.0	0.2	16.1	15.7	15.3	-1.0	36.0	3.5	0	1	0	0	0	0
20221214_0745_0815	100187	200188.0	238.0	0.3	35.8	35.5	9.7	0.5	37.0	5.2	1	0	0	0	1	0
20221214_0745_0815	100311	200313.0	238.0	0.4	35.5	35.2	5.2	0.1	31.0	5.4	0	1	0	0	1	0
20221214_0745_0815	100365	200367.0	238.0	0.4	12.6	12.3	7.9	-1.6	31.0	4.0	1	0	0	0	0	0
20221214_0745_0815	100546	200548.0	230.0	0.4	33.0	32.6	7.4	3.1	33.0	7.2	0	1	0	0	1	0
20221214_0745_0815	100603	200604.0	230.0	0.4	8.5	8.2	6.0	-1.7	33.0	5.6	0	1	0	0	0	0
20221214_0745_0815	100655	200656.0	230.0	1.9	13.1	12.7	45.1	-3.2	28.0	5.2	0	0	0	0	0	0
20221214_0745_0815	100721	200724.0	230.0	0.3	39.7	39.4	15.4	3.1	31.0	6.6	1	0	0	0	1	0
20221214_0745_0815	100771	200773.0	230.0	1.3	20.4	20.0	54.5	-5.2	31.0	5.8	0	1	0	0	0	0
20221214_0745_0815	100772	200774.0	230.0	0.3	24.2	23.8	55.5	-0.3	31.0	3.8	1	0	0	0	0	0
20221214_0845_0915	100309	200310.0	148.0	0.4	18.7	18.4	68.0	-1.9	26.0	4.4	1	0	0	0	0	0
20221214_0845_0915	100311	200312.0	148.0	0.3	11.4	11.2	69.0	3.1	16.0	7.6	0	1	0	0	1	0
20221214_0845_0915	100489	200492.0	148.0	0.2	13.9	13.6	3.9	-4.1	28.0	4.1	0	1	0	0	0	0
20221214_0845_0915	100490	200493.0	148.0	1.4	29.4	24.9	12.6	-0.7	28.0	4.0	0	0	1	0	0	0
20221214_0845_0915	100491	200494.0	148.0	0.2	3.9	3.7	42.2	-0.2	28.0	3.6	0	1	1	0	0	0
20221214_0945_1015	100041	200042.0	186.0	0.3	10.4	10.1	46.2	-2.2	26.0	3.7	1	0	0	0	0	0
20221214_0945_1015	100072	200073.0	186.0	0.3	16.3	15.7	58.0	-4.0	18.0	3.7	0	0	0	0	0	0
20221214_0945_1015	100167	200170.0	186.0	0.7	8.0	7.4	36.0	-4.9	33.0	5.4	1	0	0	0	0	0
20221214_0945_1015	100291	200299.0	186.0	2.8	6.0	5.4	7.6	-4.5	25.0	11.4	0	0	0	0	0	0
20221214_0945_1015	100296	200301.0	186.0	0.4	15.1	14.8	47.4	2.7	39.0	8.9	1	0	0	0	1	0
20221214_0945_1015	100369	200370.0	196.0	0.5	5.9	5.2	28.6	-0.8	39.0	4.2	0	0	0	0	0	0
20221214_0945_1015	100438	200440.0	196.0	0.4	21.7	21.2	1.5	-2.5	12.0	4.3	1	0	0	0	0	0
20221214_0945_1015	100439	200441.0	196.0	0.2	1.5	1.1	33.2	-1.0	12.0	4.0	1	0	0	0	0	0
20221214_0945_1015	100549	200550.0	196.0	0.5	18.3	18.0	48.6	0.8	27.0	7.8	0	1	0	0	1	0
20230327_1415_1900	100053	200056.0	273.0	0.3	14.1	13.9	23.1	-2.0	27.0	4.4	0	1	0	0	0	0
20230327_1415_1900	100170	200171.0	273.0	0.3	7.7	7.3	8.7	-1.7	65.0	4.0	0	1	0	0	0	0
20230327_1415_1900	100237	200239.0	273.0	0.3	44.5	21.3	5.4	2.6	36.0	6.5	0	1	0	0	1	0
20230327_1415_1900	100304	200306.0	273.0	0.5	29.4	29.0	8.8	-2.7	36.0	4.7	1	0	0	0	0	0
20230327_1415_1900	100305	200308.0	273.0	0.4	14.1	13.8	98.5	0.3	28.0	6.7	0	0	0	0	1	0
20230327_1415_1900	100482	200492.0	293.0	0.4	4.9	4.6	1.3	-5.5	79.0	4.6	0	1	0	0	0	0
20230327_1415_1900	100483	200494.0	293.0	0.2	3.4	3.1	2.8	-4.9	79.0	4.2	0	0	0	0	0	0
20230327_1415_1900	100485	200498.0	293.0	0.4	1.3	0.9	1.9	-4.2	79.0	4.6	0	1	0	0	0	1
20230327_1415_1900	100486	200497.0	293.0	0.3	1.7	1.4	2.6	-3.8	79.0	3.9	1	0	0	0	0	0
20230327_1415_1900	100488	200501.0	293.0	0.3	1.9	1.5	1.4	-2.3	79.0	4.4	0	1	0	0	0	0
20230327_1415_1900	100489	200502.0	293.0	0.3	2.8	2.6	4.9	-2.1	79.0	4.4	0	0	0	0	0	0
20230327_1415_1900	100491	200504.0	293.0	0.3	2.6	2.3	0.9	-1.2	79.0	4.0	1	0	0	0	0	0
20230327_1415_1900	100493	200508.0	293.0	0.1	1.4	1.1	0.6	-0.9	79.0	6.3	0	1	0	0	0	0
20230327_1415_1900	100495	200506.0	293.0	0.2	0.9	0.6	2.4	-0.3	79.0	4.2	1	0	0	0	0	1
20230327_1415_1900	100500	200511.0	293.0	0.3	2.4	2.2	3.5	2.1	52.0	6.0	1	0	0	0	1	0
20230327_1415_1900	100705	200708.0	293.0	0.5	5.8	5.6	16.6	1.1	41.0	7.5	1	0	0	0	1	0
20230327_1415_1900	100706	200710.0	293.0	0.5	8.7	8.2	4.0	2.9	41.0	8.8	0	0	0	0	1	0
20230327_1415_1900	100769	200776.0	293.0	0.3	3.2	2.9	2.1	-5.1	41.0	4.7	1	0	0	0	0	0
20230327_1415_1900	100773	200779.0	293.0	0.5	5.9	5.4	3.8	-3.3	41.0	4.7	0	0	0	0	0	0
20230327_1415_1900	100774	200780.0	293.0	0.4	2.1	1.8	1.3	-3.0	41.0	4.8	1	0	0	0	0	0
20230327_1415_1900	100775	200781.0	293.0	0.3	1.3	0.9	6.2	-1.7	41.0	4.7	1	0	0	0	0	1
20230327_1415_1900	100777	200786.0	293.0	0.7	3.8	3.3	4.3	0.5	59.0	6.1	0	0	0	0	1	0
20230327_1415_1900	100778	200790.0	293.0	0.4	9.8	9.1	4.4	1.1	59.0	7.1	0	1	0	0	1	0
20230327_1415_1900	100890	200892.0	293.0	0.8	19.7	19.0	4.6	-2.0	59.0	4.4	0	0	0	0	0	0
20230327_1415_1900	100891	200894.0	293.0	0.2	13.0	12.4	42.0	0.2	38.0	5.2	0	1	0	0	1	0
20230327_1415_1900	101040	201046.0	281.0	0.4	3.6	3.2	7.0	-4.5	49.0	3.9	0	0	0	0	0	0
20230327_1415_1900	101041	201047.0	281.0	0.3	2.2	2.0	1.8	-4.2	49.0	3.7	0	1	0	0	0	0
20230327_1415_1900	101045	201048.0	281.0	0.3	1.8	1.5	7.0	-2.4	49.0	3.8	0	1	0	0	0	0
20230327_1415_1900	101049	201052.0	281.0	0.4	7.0	6.6	47.4	2.5	55.0	7.3	0	0	0	0	1	0
20230327_1415_1900	101140	201149.0	281.0	0.2	1.8	1.6	1.5	-4.7	55.0	4.0	0	1	0	0	0	0
20230327_1415_1900	101145	201153.0	281.0	0.4	1.5	1.3	3.3	-3.2	55.0	4.6	0	1	0	0	0	0
20230327_1415_1900	101148	201156.0	281.0	0.4	6.2	5.9	2.5	-1.4	55.0	4.6	1	0	0	0	0	0
20230327_1415_1900	101150	201157.0	281.0	0.2	3.3	2.9	24.4	0.1	46.0	5.5	0	1	0	0	1	0
20230327_1415_1900	101151	201161.0	281.0	0.4	2.5	2.1	1.6	1.1	46.0	5.9	1	0	0	0	1	0
20230327_1415_1900	101155	201163.0	281.0	0.4	1.6	1.2	3.7	2.7	46.0	6.2	1	0	0	0	1	0
20230327_1415_1900	101315	201318.0	281.0	0.1	10.8	10.5	10.5	0.0	45.0	6.1	0	1	1	0	0	0
20230327_1415_1900	101316	201319.0	281.0	0.3	11.7	11.3	2.7	0.1	48.0	6.5	1	0	0	0	1	0
20230327_1415_1900	101388	201398.0	281.0	0.3	1.8	1.4	1.2	-5.1	48.0	4.5	0	1	0	0	0	0
20230327_1415_1900	101390	201400.0	281.0	0.3	1.2	0.9	1.9	-3.9	48.0	4.5	0	1	0	0	0	1
20230327_1415_1900	101392	201403.0	281.0	0.5	7.4	7.1	2.6	-3.7	48.0	5.3	1	0	0	0	0	0
20230327_1415_1900	101393	201401.0	281.0	0.3	2.0	1.7	3.5	-3.5	48.0	4.2	0	0	0	0	0	0
20230327_1415_1900	101395	201405.0	281.0	0.5	1.9	1.6	5.7	-2.0	48.0	5.3	0	1	0	0	0	0
20230327_1415_1900	101397	201406.0	281.0	0.4	2.6	2.1	2.5	-1.1	48.0	4.7	1	0	0	0	0	0
20230327_1415_1900	101399	201409.0	281.0	0.2	3.5	3.2	4.1	0.0	44.0	4.5	0	0	0	0	1	0
20230327_1415_1900	101402	201411.0	281.0	0.4	2.5	2.1	1.8	1.4	44.0	7.0	1	0	0	0	1	0
20230327_1415_1900	101475	201486.0	281.0	0.4	2.2	1.9	2.7	-4.6	44.0	4.8	1	0	0	0	0	0
20230327_1415_1900	101479	201488.0	281.0	0.4	2.4	2.0	2.3	-3.7	44.0	5.2	0	1	0	0	0	0
20230327_1415_1900	101481	201493.0	281.0	0.3	2.7	2.3	3.4	-1.9	44.0	5.4	1	0	0	0	0	0
20230327_1415_1900	101482	201492.0	281.0	0.4	6.3	6.0	3.0	-1.8	44.0	5.1	0	0	0	0	0	0
20230327_1415_1900	101484	201491.0	281.0	0.4	2.3	1.9	7.3	-1.4	44.0	4.7	0	1	0	0	0	0
20230327_1415_1900	101590	201591.0	350.0	0.2	35.4	35.0	11.2	1.0	56.0	4.8	1	0	0	0	1	0
20230327_1415_1900	101687	201688.0	350.0	0.4	11.8	11.1	33.2	-4.5	56.0	4.4	0	0	0	0	0	0
20230327_1415_1900	101689	201690.0	350.0	0.3	17.4	17.1	22.5	2.7	64.0	7.5	0	1	0	0	1	0
20230327_1415_1900	101803	201806.0	350.0	0.3	4.8	4.6	1.5	-2.5	64.0	4.7	0	0	0	0	0	0
20230327_1415_1900	101804	201808.0	350.0	0.4	1.5	1.2	3.7	-1.0	64.0	4.4	0	0	0	0	0	0
20230327_1415_1900	101805	201812.0	350.0	0.4	8.3	8.0	3.5	0.5	70.0	6.7	0	1	0	0	1	0
20230327_1415_1900	101807	201816.0	350.0	0.3	3.7	3.3	5.2	2.7	70.0	7.0	0	0	0	0	1	0
20230327_1415_1900	101916	201928.0	350.0	0.6	3.9	3.3	2.1	-5.6	70.0	5.0	0	0	0	0	0	0
20230327_1415_1900	101917	201929.0	350.0	0.3	1.5	1.2	1.5	-4.9	70.0	4.4	1	0	0	0	0	0
20230327_1415_1900	101923	201929.0	350.0	0.2	1.5	1.2	1.7	-3.4	70.0	2.9	1	0	0	0	0	0
20230327_1415_1900	101920	201934.0	350.0	0.3	2.5	2.2	1.4	-4.2	70.0	5.9	0	1	0	0	0	0
20230327_1415_1900	101922	201933.0	350.0	0.3	2.1	1.5	3.5	-3.5	70.0	5.0	0	0	0	0	0	0
20230327_1415_1900	101924	201932.0	350.0	0.3	1.4	1.1	2.9	-2.8	70.0	3.2	0	1	0	0	0	0
20230327_1415_1900	101927	201936.0	350.0	0.4	1.7	1.5	4.7	-1.7	70.0	4.6	1	0	0	0	0	0
20230327_1415_1900	101930	201941.0	350.0	1.1	3.5	3.2	1.7	0.0	64.0	6.5	0	0	0	0	1	0
20230327_1415_1900	101931	201942.0	350.0	0.5	2.9	2.6	3.9	0.1	64.0	7.2	0	1	0	0	1	0
20230327_1415_1900	101937	201946.0	350.0	0.4	4.7	4.3	5.5	3.0	64.0	7.8	1	0	0	0	1	0
20230327_1415_1900	102036	202041.0	350.0	0.3	15.1	14.7	4.2	-3.7	64.0	4.6	0	1	0	0	0	0
20230327_1415_1900	102038	202042.0	350.0	0.4	7.7	7.3	10.1	-2.5	64.0	4.8	0	0	0	0	0	0
20230327_1415_1900	102039	202043.0	350.0	0.3	10.0	9.6	9.7	-1.2	64.0	5.4	1	0	0	0	0	0
20230327_1415_1900	102040	202044.0	350.0	0.3	4.2	3.9	6.6	0.5	54.0	6.1	0	1	0	0	1	0
20230327_1415_1900	102343	202344.0	329.0	0.3	7.0	6.7	9.8	0.1	45.0	5.2	0	1	0	0	1	0
20230327_1415_1900	102433	202437.0	329.0	0.5	8.1	7.6	28.8	-3.2	45.0	6.0	1	0	0	0	0	0
20230327_1415_1900	102624	202630.0	329.0	0.2	1.0	0.8	6.0	-4.2	45.0	3.7	1	0	0	0	0	1
20230327_1415_1900	102626	202631.0	329.0	0.4	3.3	2.9	5.9	-2.8	45.0	4.5	0	1	0	0	0	0
20230327_1415_1900	102632	202639.0	329.0	0.3	6.0	5.8	1.7	1.8	75.0	6.2	1	0	0	0	1	0
20230327_1415_1900	102633	202640.0	329.0	0.7	7.5	7.2	4.0	1.8	75.0	6.6	0	0	0	0	1	0
20230327_1415_1900	102634	202642.0	329.0	0.4	5.9	5.5	0.9	3.1	75.0	7.8	0	1	0	0	1	0
20230327_1415_1900	102753	202761.0	329.0	0.6	1.7	1.3	1.1	-5.9	75.0	3.2	0	1	0	0	0	0
20230327_1415_1900	102754	202764.0	329.0	0.5	3.2	2.8	1.5	-5.9	75.0	6.3	1	0	0	0	0	0
20230327_1415_1900	102757	202766.0	329.0	0.6	1.5	1.0	2.6	-4.4	75.0	6.3	1	0	0	0	0	1
20230327_1415_1900	102758	202765.0	329.0	0.9	3.6	3.1	9.3	-3.7	75.0	4.7	0	0	0	0	0	0
20230327_1415_1900	102762	202767.0	329.0	0.5	2.9	2.4	12.9	-1.9	75.0	4.0	0	1	0	0	0	0
20230327_1415_1900	102763	202770.0	329.0	0.4	2.6	2.0	4.7	-1.8	75.0	6.0	1	0	0	0	0	0
20230327_1415_1900	102768	202772.0	329.0	0.3	4.7	4.3	13.4	2.9	46.0	7.0	1	0	0	0	1	0
20230327_1415_1900	102851	202852.0	315.0	0.3	25.5	25.1	45.0	-0.2	46.0	5.3	1	0	1	0	0	0
20230327_1415_1900	102898	202900.0	315.0	0.3	9.3	8.9	5.7	-4.5	26.0	4.5	0	1	0	0	0	0
20230327_1415_1900	102899	202905.0	315.0	0.4	11.1	10.3	4.9	-1.0	26.0	7.4	0	0	0	0	0	0
20230327_1415_1900	102901	202906.0	315.0	0.4	5.7	5.4	4.3	1.2	57.0	7.2	0	1	0	0	1	0
20230327_1415_1900	102997	203001.0	315.0	0.2	5.9	5.7	3.8	-3.2	57.0	3.8	0	1	0	0	0	0
20230327_1415_1900	102998	203003.0	315.0	0.3	12.3	11.9	2.4	-1.2	57.0	3.5	0	0	0	0	0	0
20230327_1415_1900	102999	203004.0	315.0	0.2	7.7	7.5	4.9	-0.5	57.0	3.4	1	0	0	0	0	0
20230327_1415_1900	103000	203009.0	315.0	0.4	3.8	3.6	7.0	0.6	59.0	6.2	0	1	0	0	1	0
20230327_1415_1900	103002	203010.0	315.0	0.3	2.4	2.1	4.2	1.2	59.0	5.7	0	0	0	0	1	0
20230327_1415_1900	103126	203130.0	315.0	0.4	4.8	4.4	18.2	-4.0	59.0	5.0	0	1	0	0	0	0
20230327_1415_1900	103124	203129.0	315.0	0.2	2.1	1.8	12.3	-5.1	59.0	4.7	1	0	0	0	0	0
20230327_1415_1900	103251	203253.0	315.0	0.7	11.5	11.2	39.2	2.1	52.0	6.3	0	1	0	0	1	0
20230327_1415_1900	103346	203348.0	315.0	0.5	22.7	22.0	7.3	3.2	52.0	7.9	0	0	0	1	0	0
20230327_1415_1900	103438	203445.0	316.0	0.8	6.5	6.2	2.3	3.0	75.0	6.6	0	0	0	1	0	0
20230327_1415_1900	103559	203571.0	316.0	0.5	2.9	2.5	3.2	-6.0	75.0	6.0	1	0	0	0	0	0
20230327_1415_1900	103563	203572.0	316.0	0.5	6.5	5.1	2.0	-4.7	75.0	5.9	0	1	0	0	0	0
20230327_1415_1900	103566	203573.0	316.0	0.4	3.2	2.7	10.3	-2.8	75.0	5.8	1	0	0	0	0	0
20230327_1415_1900	103568	203575.0	316.0	0.5	2.0	1.5	2.6	-2.7	75.0	5.9	0	1	0	0	0	0
20230327_1415_1900	103570	203576.0	316.0	0.4	2.6	2.1	6.6	-0.1	75.0	5.6	0	1	1	0	0	0
20230327_1415_1900	103693	203702.0	316.0	0.4	4.9	4.5	2.8	-4.7	69.0	4.8	1	0	0	0	0	0
20230327_1415_1900	103697	203705.0	316.0	0.5	4.4	4.0	3.0	-3.1	69.0	6.1	0	0	0	0	0	0
20230327_1415_1900	103698	203703.0	316.0	0.3	4.8	4.5	14.6	-2.8	69.0	3.8	0	1	0	0	0	0
20230327_1415_1900	103699	203704.0	316.0	0.4	2.8	2.4	65.6	-1.9	69.0	3.9	1	0	0	0	0	0
20230327_1415_1900	103701	203706.0	316.0	0.5	3.0	2.5	65.5	-0.1	69.0	7.7	0	0	1	0	0	0
20230327_1415_1900	103848	203856.0	316.0	0.3	7.2	6.9	2.3	-4.8	43.0	4.1	0	1	0	0	0	0
20230327_1415_1900	103850	203859.0	316.0	0.2	2.3	2.0	0.7	-2.5	43.0	4.0	0	1	0	0	0	0
20230327_1415_1900	103851	203860.0	316.0	0.4	8.3	7.9	5.1	-2.5	43.0	4.3	1	0	0	0	0	0
20230327_1415_1900	103852	203862.0	316.0	0.7	1.1	0.5	1.1	-2.3	43.0	4.8	0	0	0	0	0	1
20230327_1415_1900	103854	203864.0	316.0	0.4	0.7	0.5	1.7	-1.8	43.0	4.6	0	1	0	0	0	1
20230327_1415_1900	103858	203869.0	316.0	0.3	1.7	1.3	2.2	-0.1	43.0	5.4	0	1	1	0	0	0
20230327_1415_1900	103863	203876.0	316.0	0.4	5.1	4.7	1.9	2.6	72.0	7.7	1	0	0	0	1	0
20230327_1415_1900	103990	203994.0	316.0	0.4	5.2	4.9	15.5	-4.7	72.0	5.1	1	0	0	0	0	0
20230327_1415_1900	103991	203995.0	316.0	0.3	3.2	3.0	4.2	-2.8	72.0	3.8	0	1	0	0	0	0
20230327_1415_1900	103996	203997.0	316.0	0.3	4.2	3.9	14.7	1.4	48.0	6.9	0	1	0	0	1	0
20230327_1415_1900	104086	204088.0	367.0	0.4	14.1	13.7	11.2	-1.0	48.0	5.5	0	0	0	0	0	0
20230327_1415_1900	104087	204090.0	367.0	0.4	19.4	19.0	4.7	1.6	46.0	7.0	1	0	0	0	1	0
20230327_1415_1900	104174	204177.0	367.0	0.4	25.5	25.2	26.5	1.9	63.0	7.1	0	1	0	0	1	0
20230327_1415_1900	104175	204178.0	367.0	0.3	10.3	10.0	3.8	3.2	63.0	6.7	1	0	0	0	1	0
20230327_1415_1900	104282	204290.0	367.0	0.6	2.8	2.2	4.4	-2.6	63.0	4.1	0	0	0	0	0	0
20230327_1415_1900	104283	204289.0	367.0	0.3	2.5	2.2	3.2	-2.4	63.0	3.5	1	0	0	0	0	0
20230327_1415_1900	104285	204292.0	367.0	0.4	3.0	2.8	6.0	-1.4	63.0	4.2	0	1	0	0	0	0
20230327_1415_1900	104288	204297.0	367.0	0.3	3.2	2.9	4.7	0.8	67.0	5.1	1	0	0	0	1	0
20230327_1415_1900	104291	204300.0	367.0	0.8	4.4	3.8	3.5	1.8	67.0	7.4	0	0	0	0	1	0
20230327_1415_1900	104406	204418.0	367.0	0.4	2.0	1.7	1.3	-3.9	67.0	4.5	0	1	0	0	0	0
20230327_1415_1900	104410	204419.0	367.0	0.4	1.7	1.4	1.0	-3.0	67.0	4.4	1	0	0	0	0	0
20230327_1415_1900	104411	204420.0	367.0	0.4	1.3	0.9	1.2	-2.6	67.0	4.5	0	1	0	0	0	1
20230327_1415_1900	104412	204423.0	367.0	0.3	1.0	0.6	2.2	-2.0	67.0	4.5	1	0	0	0	0	1
20230327_1415_1900	104413	204424.0	367.0	0.3	1.2	0.8	1.5	-1.4	67.0	4.4	0	1	0	0	0	1
20230327_1415_1900	104416	204430.0	367.0	0.4	1.5	1.2	1.8	0.1	77.0	6.1	0	1	0	0	1	0
20230327_1415_1900	104417	204427.0	367.0	0.4	2.2	1.9	1.9	0.2	77.0	5.3	1	0	0	0	1	0
20230327_1415_1900	104557	204564.0	367.0	0.4	2.4	1.9	12.6	-6.0	77.0	5.6	1	0	0	0	0	0
20230327_1415_1900	104562	204568.0	367.0	0.3	3.8	3.4	3.8	-2.3	77.0	5.3	0	1	0	0	0	0
20230327_1415_1900	104567	204572.0	367.0	0.3	3.8	3.5	1.7	1.5	54.0	6.6	0	1	0	0	1	0
20230327_1415_1900	104782	204788.0	350.0	0.3	2.4	2.1	5.0	1.7	67.0	6.6	0	0	0	0	1	0
20230327_1415_1900	104903	204914.0	350.0	0.4	0.9	0.6	1.4	-5.9	67.0	4.1	0	1	0	0	0	1
20230327_1415_1900	104906	204916.0	350.0	0.3	2.3	2.1	1.8	-4.9	67.0	5.6	1	0	0	0	0	0
20230327_1415_1900	104908	204917.0	350.0	0.4	1.4	1.0	2.3	-4.5	67.0	5.3	0	1	0	0	0	1
20230327_1415_1900	104910	204919.0	350.0	0.4	1.8	1.5	5.3	-3.1	67.0	5.7	1	0	0	0	0	0
20230327_1415_1900	104913	204921.0	350.0	0.4	2.3	1.9	1.6	-2.2	67.0	5.4	0	1	0	0	0	0
20230327_1415_1900	104915	204923.0	350.0	0.4	1.6	1.2	5.6	-0.6	67.0	6.7	0	1	0	0	0	0
20230327_1415_1900	104918	204927.0	350.0	0.4	5.3	4.9	4.0	2.2	69.0	5.9	1	0	0	0	1	0
20230327_1415_1900	105049	205061.0	350.0	0.6	1.8	1.1	2.8	-5.8	69.0	6.0	0	1	0	0	0	0
20230327_1415_1900	105051	205060.0	350.0	0.4	1.9	1.4	39.3	-4.6	69.0	4.3	1	0	0	0	0	0
20230327_1415_1900	105054	205066.0	350.0	0.7	2.8	2.2	2.2	-3.0	69.0	5.1	0	1	0	0	0	0
20230327_1415_1900	105055	205063.0	350.0	3.6	4.1	0.6	4.3	-2.9	69.0	4.0	0	0	1	0	0	1
20230327_1415_1900	105059	205069.0	350.0	0.6	2.2	1.5	1.5	-0.8	69.0	8.0	0	1	0	0	0	0
20230327_1415_1900	105065	205073.0	350.0	2.7	4.3	0.7	2.8	1.4	54.0	10.1	0	0	0	1	0	1
20230327_1415_1900	105286	205296.0	350.0	0.3	3.4	3.1	0.7	-2.2	72.0	4.1	0	1	0	0	0	0
20230327_1415_1900	105287	205298.0	350.0	0.7	3.7	3.3	1.1	-1.9	72.0	4.4	0	0	0	0	0	0
20230327_1415_1900	105288	205300.0	350.0	0.3	0.7	0.4	2.9	-1.5	72.0	4.8	0	1	0	0	0	1
20230327_1415_1900	105291	205301.0	350.0	0.4	1.1	0.4	1.7	-0.8	72.0	4.3	0	0	0	0	0	1
20230327_1415_1900	105292	205302.0	350.0	0.4	10.3	10.0	1.9	-0.6	72.0	4.8	1	0	0	0	0	0
20230327_1415_1900	105293	205305.0	350.0	0.4	1.7	1.3	1.3	0.9	51.0	5.7	0	0	0	0	1	0
20230327_1415_1900	105294	205309.0	350.0	0.7	1.9	1.5	3.0	1.3	51.0	9.3	1	0	0	0	1	0
20230327_1415_1900	105295	205306.0	350.0	0.3	2.9	2.6	1.8	1.4	51.0	6.2	0	1	0	0	1	0
20230327_1415_1900	105377	205389.0	350.0	0.4	7.4	7.1	2.1	-5.4	51.0	5.1	0	1	0	0	0	0
20230327_1415_1900	105378	205388.0	350.0	0.4	6.5	6.2	1.6	-5.2	51.0	4.6	1	0	0	0	0	0
20230327_1415_1900	105380	205387.0	350.0	0.5	1.4	0.5	1.4	-4.7	51.0	4.1	0	0	0	0	0	1
20230327_1415_1900	105381	205391.0	350.0	0.3	1.6	1.2	1.0	-3.6	51.0	4.5	1	0	0	0	0	0
20230327_1415_1900	105382	205390.0	350.0	0.5	1.4	0.9	1.8	-3.3	51.0	4.1	0	0	0	0	0	1
20230327_1415_1900	105383	205392.0	350.0	0.3	2.1	1.7	12.5	-3.3	51.0	4.4	0	1	0	0	0	0
20230327_1415_1900	105384	205394.0	350.0	0.3	1.0	0.7	4.4	-2.6	51.0	4.8	1	0	0	0	0	1
20230327_1415_1900	105393	205395.0	350.0	0.3	4.4	4.1	9.3	1.8	55.0	6.0	1	0	0	0	1	0
20230327_1415_1900	105674	205679.0	362.0	0.2	26.2	25.5	2.0	-3.5	45.0	3.0	1	0	0	0	0	0
20230327_1415_1900	105675	205680.0	362.0	0.5	24.5	23.9	5.7	-3.1	45.0	3.1	0	0	0	0	0	0
20230327_1415_1900	105676	205681.0	362.0	0.3	2.0	1.8	10.1	-2.6	45.0	3.2	0	1	0	0	0	0
20230327_1415_1900	105678	205682.0	362.0	0.2	2.0	1.8	8.9	-1.5	45.0	3.3	1	0	0	0	0	0
20230327_1415_1900	105683	205687.0	362.0	0.3	5.7	5.2	0.9	2.6	69.0	7.0	0	0	0	0	1	0
20230327_1415_1900	105805	205814.0	362.0	0.4	2.2	1.7	3.4	-3.5	69.0	4.0	0	0	0	0	0	0
20230327_1415_1900	105808	205817.0	362.0	0.4	1.2	0.8	3.8	-2.0	69.0	4.6	0	1	0	0	0	1
20230327_1415_1900	105812	205822.0	362.0	0.9	3.4	3.0	3.9	-0.1	69.0	5.8	0	0	1	0	0	0
20230327_1415_1900	105813	205823.0	362.0	0.4	6.2	5.8	1.5	0.1	76.0	6.3	1	0	0	0	1	0
20230327_1415_1900	105940	205950.0	362.0	0.7	1.7	1.1	2.3	-5.1	76.0	4.4	0	0	0	0	0	0
20230327_1415_1900	105941	205951.0	362.0	0.4	2.3	2.0	8.7	-4.8	76.0	5.6	0	1	0	0	0	0
20230327_1415_1900	105943	205953.0	362.0	0.6	4.1	3.6	3.0	-4.5	76.0	6.8	1	0	0	0	0	0
20230327_1415_1900	105945	205952.0	362.0	0.7	2.3	1.6	1.6	-2.8	76.0	3.7	0	0	0	0	0	0
20230327_1415_1900	105947	205956.0	362.0	0.5	3.0	2.4	8.2	-1.5	76.0	6.1	1	0	0	0	0	0
20230327_1415_1900	105949	205954.0	362.0	0.5	1.6	0.9	11.1	-1.2	76.0	4.2	0	0	0	0	0	1
20230327_1415_1900	106048	206049.0	362.0	0.4	22.1	21.7	19.5	-0.3	52.0	3.8	1	0	1	0	0	0
20230327_1415_1900	106232	206246.0	332.0	0.7	2.7	2.4	1.3	-4.4	66.0	5.1	0	0	0	0	0	0
20230327_1415_1900	106233	206244.0	332.0	0.4	3.8	3.5	4.3	-4.3	66.0	4.6	0	1	0	0	0	0
20230327_1415_1900	106235	206245.0	332.0	0.3	3.2	2.8	1.5	-3.7	66.0	4.4	1	0	0	0	0	0
20230327_1415_1900	106237	206249.0	332.0	0.9	1.3	0.6	1.9	-3.1	66.0	5.0	0	0	0	0	0	1
20230327_1415_1900	106240	206250.0	332.0	0.3	1.5	1.2	0.9	-2.2	66.0	4.5	1	0	0	0	0	0
20230327_1415_1900	106241	206250.0	332.0	0.4	0.9	0.6	2.4	-1.3	66.0	3.6	1	0	0	0	0	1
20230327_1415_1900	106242	206252.0	332.0	0.9	1.9	1.0	2.2	-1.2	66.0	5.7	0	0	0	0	0	1
20230327_1415_1900	106243	206257.0	332.0	0.3	4.3	3.9	4.8	0.0	66.0	7.2	0	1	1	0	0	0
20230327_1415_1900	106248	206258.0	332.0	0.3	2.4	2.0	4.7	1.1	62.0	6.4	1	0	0	0	1	0
20230327_1415_1900	106361	206364.0	332.0	0.3	11.0	10.5	3.0	-1.0	62.0	3.8	0	1	0	0	0	0
20230327_1415_1900	106470	206472.0	332.0	0.4	19.0	18.7	24.9	0.3	37.0	5.6	0	1	0	0	1	0
20230327_1415_1900	106538	206539.0	332.0	0.2	16.8	16.4	5.8	-1.8	37.0	3.3	0	1	0	0	0	0
20230327_1415_1900	106541	206547.0	332.0	0.3	43.3	41.5	6.9	3.3	70.0	7.1	1	0	0	1	0	0
20230327_1415_1900	106657	206668.0	332.0	0.4	3.7	3.4	1.8	-5.3	70.0	4.9	0	1	0	0	0	0
20230327_1415_1900	106659	206669.0	332.0	0.5	3.3	2.9	1.3	-4.4	70.0	4.6	0	0	0	0	0	0
20230327_1415_1900	106662	206674.0	332.0	0.3	1.8	1.4	2.9	-3.5	70.0	5.0	0	1	0	0	0	0
20230327_1415_1900	106663	206673.0	332.0	0.3	1.3	0.8	2.7	-3.1	70.0	4.6	0	0	0	0	0	1
20230327_1415_1900	106664	206672.0	332.0	0.3	4.7	4.4	5.1	-3.0	70.0	4.2	1	0	0	0	0	0
20230327_1415_1900	106666	206678.0	332.0	0.3	2.9	2.6	1.0	-0.6	70.0	3.4	0	1	0	0	0	0
20230327_1415_1900	106667	206681.0	332.0	0.4	2.7	2.4	2.0	-0.4	70.0	5.9	0	0	0	0	0	0
20230327_1415_1900	106670	206683.0	332.0	0.3	1.0	0.7	0.8	0.4	56.0	5.6	0	1	0	0	1	1
20230327_1415_1900	106671	206680.0	332.0	0.4	0.8	0.5	1.4	1.2	56.0	3.6	0	1	0	0	1	1
20230327_1415_1900	106958	206964.0	330.0	0.3	1.5	1.2	3.2	-3.4	49.0	3.5	0	1	0	0	0	0
20230327_1415_1900	106960	206965.0	330.0	0.3	5.3	5.0	4.2	-1.6	49.0	3.6	1	0	0	0	0	0
20230327_1415_1900	106961	206969.0	330.0	1.0	5.6	5.1	3.7	-1.5	49.0	4.9	0	0	0	0	0	0
20230327_1415_1900	106963	206972.0	330.0	0.4	3.2	2.9	4.3	-0.2	49.0	5.4	0	1	1	0	0	0
20230327_1415_1900	106967	206978.0	330.0	0.3	4.2	3.9	4.0	2.6	69.0	6.1	1	0	0	0	1	0
20230327_1415_1900	107085	207091.0	330.0	0.2	4.0	3.7	13.8	-4.1	69.0	4.4	1	0	0	0	0	0
20230327_1415_1900	107087	207092.0	330.0	0.5	2.7	2.1	1.6	-3.8	69.0	5.0	0	0	0	0	0	0
20230327_1415_1900	107191	207194.0	330.0	0.7	15.1	14.9	46.8	-1.0	54.0	4.6	0	0	0	0	0	0
20230327_1415_1900	107192	207195.0	330.0	0.3	16.3	16.0	36.9	0.2	56.0	5.1	1	0	0	0	1	0
20230327_1415_1900	107193	207196.0	330.0	0.3	6.0	5.7	41.0	0.7	56.0	4.8	0	1	0	0	1	0
20230327_1415_1900	107295	207296.0	330.0	0.4	20.0	19.7	27.9	3.6	58.0	7.0	0	1	0	1	0	0
20230327_1415_1900	107403	207405.0	328.0	1.2	16.7	16.0	7.9	-0.4	58.0	6.4	0	0	1	0	0	0
20230327_1415_1900	107404	207409.0	328.0	0.5	52.2	51.5	6.0	2.4	78.0	8.7	0	1	0	0	1	0
20230327_1415_1900	107548	207550.0	328.0	0.3	8.7	8.4	19.0	-1.2	78.0	3.8	0	1	0	0	0	0
20230327_1415_1900	107549	207552.0	328.0	0.3	13.2	12.9	4.7	-0.1	78.0	5.7	1	0	1	0	0	0
20230327_1415_1900	107638	207639.0	328.0	0.2	17.6	17.0	40.0	-0.3	46.0	3.5	0	0	0	0	0	0
20230327_1415_1900	107820	207826.0	328.0	0.2	3.5	3.2	5.0	-4.1	61.0	3.7	0	1	0	0	0	0
20230327_1415_1900	107822	207828.0	328.0	0.2	3.5	3.2	2.0	-2.9	61.0	3.9	1	0	0	0	0	0
20230327_1415_1900	107825	207830.0	328.0	0.2	2.0	1.8	3.3	-0.9	61.0	4.0	1	0	0	0	0	0
20230327_1415_1900	107827	207835.0	328.0	0.2	5.0	4.8	2.6	0.9	67.0	5.0	0	1	0	0	1	0
20230327_1415_1900	107829	207841.0	328.0	0.3	3.3	3.1	3.2	2.4	67.0	7.4	1	0	0	0	1	0
20230327_1415_1900	107831	207842.0	328.0	0.4	8.5	8.1	5.1	3.2	67.0	7.8	0	0	0	0	1	0
20230327_1415_1900	107949	207957.0	328.0	0.3	3.3	3.2	9.6	-3.7	67.0	4.9	0	1	0	0	0	0
20230327_1415_1900	107951	207959.0	328.0	0.4	8.3	8.0	1.7	-2.8	67.0	4.8	1	0	0	0	0	0
20230327_1415_1900	107953	207961.0	328.0	0.7	6.3	5.9	2.9	-1.7	67.0	4.5	0	0	0	0	0	0
20230327_1415_1900	107954	207963.0	328.0	0.3	1.7	1.3	1.9	-1.1	67.0	5.7	1	0	0	0	0	0
20230327_1415_1900	108071	208073.0	286.0	0.4	11.4	11.1	1.7	-2.1	57.0	4.5	0	1	0	0	0	0
20230327_1415_1900	108072	208075.0	286.0	0.3	1.7	1.3	4.4	-0.4	57.0	6.2	0	1	0	0	0	0
20230327_1415_1900	108239	208246.0	286.0	0.3	28.0	27.7	4.0	0.6	48.0	5.5	0	0	0	0	1	0
20230327_1415_1900	108240	208247.0	286.0	0.3	49.8	49.1	1.1	1.2	48.0	6.4	1	0	0	0	1	0
20230327_1415_1900	108241	208250.0	286.0	0.3	49.3	48.7	1.6	2.0	48.0	7.2	0	1	0	0	1	0
20230327_1415_1900	108329	208330.0	286.0	0.3	5.1	4.8	45.0	-3.6	48.0	3.9	1	0	0	0	0	0
20230327_1415_1900	108331	208332.0	286.0	0.3	17.5	17.2	29.9	1.1	32.0	6.9	0	1	0	0	1	0
20230327_1415_1900	108581	208587.0	300.0	0.3	11.1	10.9	2.0	1.1	68.0	5.9	0	1	0	0	1	0
20230327_1415_1900	108583	208591.0	300.0	0.3	15.7	15.0	13.2	3.1	68.0	6.6	0	0	0	0	1	0
20230327_1415_1900	108584	208589.0	300.0	0.2	16.9	16.6	4.8	3.5	68.0	5.8	1	0	0	1	0	0
20230327_1415_1900	108713	208723.0	300.0	0.8	2.4	1.9	24.4	-6.0	68.0	6.5	0	1	0	0	0	0
20230327_1415_1900	108714	208722.0	300.0	0.4	2.0	1.6	3.6	-5.7	68.0	5.2	1	0	0	0	0	0
20230327_1415_1900	108721	208725.0	300.0	0.6	3.6	3.2	4.7	-2.1	68.0	8.6	1	0	0	0	0	0
20230327_1415_1900	108724	208726.0	300.0	0.4	4.7	4.1	15.2	2.6	45.0	6.7	1	0	0	0	1	0
20230327_1415_1900	108821	208823.0	300.0	0.4	14.1	13.7	71.5	0.5	59.0	5.7	1	0	0	0	1	0
20230327_1415_1900	108918	208921.0	300.0	0.5	21.9	21.2	11.3	-5.3	59.0	6.5	0	1	0	0	0	0
20230327_1415_1900	108991	208994.0	300.0	0.2	17.6	17.2	9.8	-4.2	42.0	3.6	0	1	0	0	0	0
20230327_1415_1900	108995	208997.0	300.0	0.2	10.6	10.4	2.5	0.0	42.0	3.8	0	0	1	0	0	0
20230327_1415_1900	108996	209001.0	300.0	0.3	2.5	2.3	3.8	2.5	49.0	5.9	0	0	0	0	1	0
20230327_1415_1900	109085	209089.0	300.0	0.4	4.0	3.5	21.4	-5.8	49.0	5.5	0	0	0	0	0	0
20230327_1415_1900	109086	209090.0	300.0	0.4	4.7	4.5	37.0	-5.4	49.0	5.5	1	0	0	0	0	0
20230327_1415_1900	109253	209255.0	283.0	0.4	26.6	26.2	39.3	3.4	48.0	7.2	1	0	0	1	0	0
20230327_1415_1900	109325	209336.0	283.0	0.3	16.0	15.6	1.4	-6.0	48.0	5.8	0	1	0	0	0	0
20230327_1415_1900	109327	209336.0	283.0	0.3	1.4	1.1	2.1	-4.6	48.0	4.4	0	1	0	0	0	0
20230327_1415_1900	109329	209337.0	283.0	0.3	1.7	1.4	3.8	-4.2	48.0	4.2	1	0	0	0	0	0
20230327_1415_1900	109330	209340.0	283.0	0.3	2.1	1.8	1.2	-2.5	48.0	5.0	0	1	0	0	0	0
20230327_1415_1900	109334	209340.0	283.0	0.3	1.2	0.9	4.7	-1.3	48.0	3.8	0	1	0	0	0	1
20230327_1415_1900	109333	209341.0	283.0	0.2	9.3	9.1	4.0	-1.5	48.0	4.0	0	0	0	0	0	0
20230327_1415_1900	109335	209344.0	283.0	0.2	3.8	3.5	1.0	-0.4	48.0	4.1	1	0	0	0	0	0
20230327_1415_1900	109338	209348.0	283.0	0.3	1.0	0.8	1.7	0.6	55.0	6.3	1	0	0	0	1	1
20230327_1415_1900	109342	209350.0	283.0	0.3	4.0	3.8	2.4	2.5	55.0	6.3	0	0	0	0	1	0
20230327_1415_1900	109343	209354.0	283.0	0.4	4.7	4.4	1.1	3.4	55.0	7.9	0	1	0	1	0	0
20230327_1415_1900	109441	209443.0	283.0	0.3	16.8	16.4	25.1	-0.4	55.0	5.3	0	0	0	0	0	0
20230327_1415_1900	109539	209541.0	283.0	0.2	27.2	27.0	4.1	-2.0	53.0	3.3	0	0	0	0	0	0
20230327_1415_1900	109542	209543.0	283.0	0.3	4.1	3.9	65.6	2.1	40.0	5.9	0	0	0	0	1	0
20230327_1415_1900	109612	209617.0	283.0	0.2	5.2	5.0	2.7	-3.7	40.0	3.8	0	1	0	0	0	0
20230327_1415_1900	109613	209619.0	283.0	0.4	1.7	1.4	3.2	-3.5	40.0	4.1	1	0	0	0	0	0
20230327_1415_1900	109615	209624.0	283.0	0.4	2.7	2.5	4.0	-1.0	40.0	6.1	0	1	0	0	0	0
20230327_1415_1900	109616	209622.0	283.0	0.3	3.2	2.8	4.1	-0.3	40.0	4.9	1	0	1	0	0	0
20230327_1415_1900	109688	209698.0	240.0	0.3	2.9	2.7	3.9	-3.7	42.0	4.9	0	0	0	0	0	0
20230327_1415_1900	109690	209697.0	240.0	0.3	1.5	1.2	1.9	-3.4	42.0	4.0	1	0	0	0	0	0
20230327_1415_1900	109691	209699.0	240.0	0.3	5.2	4.8	2.6	-2.7	42.0	4.5	0	1	0	0	0	0
20230327_1415_1900	109693	209702.0	240.0	0.4	1.9	1.6	4.6	-1.5	42.0	4.5	1	0	0	0	0	0
20230327_1415_1900	109695	209704.0	240.0	0.3	2.6	2.3	2.6	-0.1	42.0	3.9	0	1	1	0	0	0
20230327_1415_1900	109696	209705.0	240.0	0.3	3.9	3.6	2.1	0.2	38.0	6.4	0	0	0	0	1	0
20230327_1415_1900	109701	209709.0	240.0	0.3	2.6	2.3	7.4	2.5	38.0	6.5	0	1	0	0	1	0
20230327_1415_1900	109703	209711.0	240.0	0.4	4.6	4.2	4.4	3.1	38.0	8.0	1	0	0	0	1	0
20230327_1415_1900	109845	209848.0	240.0	0.4	5.8	5.4	24.6	-0.1	30.0	6.6	1	0	1	0	0	0
20230327_1415_1900	110005	210006.0	240.0	0.3	33.4	32.3	5.0	-2.5	43.0	4.0	0	0	0	0	0	0
20230327_1415_1900	110007	210011.0	240.0	0.3	5.0	4.7	8.0	2.5	43.0	7.8	0	0	0	0	1	0
20230327_1415_1900	110107	210113.0	240.0	0.6	5.9	5.3	4.6	-3.7	14.0	7.0	0	1	0	0	0	0
20230327_1415_1900	110108	210117.0	240.0	0.8	12.9	12.3	8.2	-0.7	14.0	9.0	1	0	1	0	0	0
20230327_1415_1900	110215	210217.0	198.0	0.4	58.3	58.0	1.3	1.5	24.0	8.5	0	1	0	0	1	0
20230327_1415_1900	110331	210335.0	198.0	0.3	82.8	82.0	2.2	2.9	30.0	6.0	0	1	0	0	1	0
20230327_1415_1900	110382	210385.0	198.0	0.6	6.6	6.2	3.9	-1.9	30.0	6.5	0	0	0	0	0	0
20230327_1415_1900	110384	210387.0	198.0	0.4	13.1	12.7	16.6	3.1	29.0	7.6	0	1	0	0	1	0
20230327_1415_1900	110613	210615.0	200.0	0.3	26.5	23.6	5.8	0.0	26.0	6.0	0	1	1	0	0	0
20230327_1415_1900	110735	210737.0	200.0	0.6	3.4	2.8	13.3	-3.2	27.0	4.6	0	0	0	0	0	0
