file	adv	stop	match	volume_adv_15	Lane_adv	AIY_adv	TUY_adv	SCA_adv	OccTime_adv	HeadwayFoll_adv	GapFoll_adv	HeadwayLead_adv	GapLead_adv	arrival_time_adv	volume_adv_cycle_adv	AIY_stop	TUY_stop	SCA_stop	OccTime_stop	HeadwayFoll_stop	GapFoll_stop	HeadwayLead_stop	GapLead_stop	arrival_time_stop	volume_adv_cycle_stop	travel_time
20221206_0645_0715	100022	200023.0	1.0	121.0	M	2.5	117.5	YY	0.3	51.6	51.2	45.8	45.5	2.5	26.0	8.8	111.2	RG	59.9	41.8	40.2	60.6	0.7	8.8	26.0	6.3
20221206_0645_0715	100068	200069.0	1.0	121.0	M	1.1	118.9	YY	0.3	35.1	34.7	26.3	26.0	1.1	18.0	6.6	113.4	RG	60.2	48.0	47.0	61.4	1.2	6.6	18.0	5.5
20221206_0645_0715	100092	200093.0	1.0	121.0	L	119.2	0.8	GG	0.4	79.8	78.8	22.9	22.5	-0.8	18.0	3.3	116.7	YR	0.8	52.8	50.9	27.9	27.1	3.3	12.0	4.1
20221206_0645_0715	100131	200132.0	1.0	121.0	L	118.0	2.0	GG	0.3	66.0	65.6	30.8	30.5	-2.0	13.0	1.3	118.7	YY	0.7	43.0	41.2	33.6	32.9	1.3	25.0	3.3
20221206_0645_0715	100133	200134.0	1.0	121.0	M	2.2	117.8	YY	0.3	56.8	56.4	33.7	33.4	2.2	25.0	8.0	112.0	RG	67.1	51.0	48.9	67.5	0.4	8.0	25.0	5.8
20221206_0645_0715	100185	200186.0	1.0	130.0	M	116.3	3.7	GG	0.3	109.4	109.0	45.7	45.4	-3.7	8.0	0.8	126.2	YY	0.8	106.1	43.7	47.5	46.7	0.8	10.0	4.5
20221206_0645_0715	100204	200205.0	1.0	130.0	R	2.2	110.8	YY	0.3	76.0	75.6	30.9	30.6	2.2	17.0	8.6	104.4	RG	55.9	76.1	72.2	56.5	0.6	8.6	17.0	6.4
20221206_0645_0715	100233	200235.0	1.0	130.0	M	1.4	118.6	YY	0.2	47.1	46.7	12.3	12.1	1.4	16.0	8.7	111.3	RG	58.2	49.6	48.8	58.8	0.6	8.7	16.0	7.3
20221206_0645_0715	100289	200294.0	0.0	130.0	L	118.2	1.8	GG	0.4	16.6	16.1	4.0	3.6	-1.8	22.0	10.6	109.4	RG	67.0	24.6	23.8	67.8	0.8	10.6	24.0	12.4
20221206_0645_0715	100290	200293.0	1.0	130.0	M	1.9	118.1	YY	0.3	25.2	24.9	49.0	48.7	1.9	24.0	7.5	112.5	RG	70.3	26.6	25.8	71.9	1.6	7.5	24.0	5.6
20221206_0645_0715	100291	200294.0	1.0	130.0	L	2.2	117.8	YY	0.5	4.0	3.6	49.8	49.3	2.2	24.0	10.6	109.4	RG	67.0	24.6	23.8	67.8	0.8	10.6	24.0	8.4
20221206_0645_0715	100355	200356.0	1.0	130.0	R	118.1	1.9	GG	0.4	37.6	36.8	52.6	52.2	-1.9	16.0	2.8	117.2	YR	0.9	35.6	33.9	54.3	53.4	2.8	29.0	4.7
20221206_0945_1200	100046	200048.0	1.0	201.0	M	102.4	2.6	GG	0.5	20.4	17.8	25.6	25.1	-2.6	26.0	4.8	90.2	RG	65.3	16.5	15.5	65.5	0.2	4.8	33.0	7.4
20221206_0945_1200	100101	200102.0	1.0	201.0	L	90.0	5.0	GG	1.4	8.8	8.4	49.7	48.3	-5.0	33.0	94.7	0.3	GY	1.7	7.4	6.2	55.4	53.7	-0.3	33.0	4.7
20221206_0945_1200	100103	200104.0	1.0	201.0	R	2.5	97.5	YY	0.4	16.9	15.5	35.7	35.3	2.5	27.0	8.4	91.6	RG	68.4	14.7	13.4	69.3	0.9	8.4	27.0	5.9
20221206_0945_1200	100225	200227.0	1.0	201.0	R	95.5	4.5	GG	0.3	12.9	12.5	13.1	12.8	-4.5	23.0	99.3	0.7	GY	0.8	12.2	11.3	19.5	18.7	-0.7	23.0	3.8
20221206_0945_1200	100324	200326.0	1.0	201.0	R	91.1	3.9	GG	0.3	43.1	42.5	27.0	26.7	-3.9	23.0	95.0	0.0	GY	0.7	28.4	26.9	31.1	30.4	0.0	23.0	3.9
20221206_0945_1200	100370	200374.0	0.0	200.0	M	95.0	5.0	GG	0.4	9.0	8.7	5.4	5.0	-5.0	25.0	6.4	98.6	RG	66.4	7.8	7.0	66.8	0.4	6.4	23.0	11.4
20221206_0945_1200	100372	200374.0	1.0	200.0	M	0.4	104.6	YY	0.3	5.4	5.0	45.9	45.6	0.4	23.0	6.4	98.6	RG	66.4	7.8	7.0	66.8	0.4	6.4	23.0	6.0
20221206_0945_1200	100413	200414.0	1.0	200.0	M	101.3	3.7	GG	0.4	17.3	17.0	49.4	49.0	-3.7	23.0	1.0	94.0	YY	1.0	17.0	16.0	51.2	50.2	1.0	26.0	4.7
20221206_0945_1200	100461	200462.0	1.0	200.0	L	90.0	5.0	GG	0.6	9.9	9.1	16.1	15.5	-5.0	26.0	94.9	0.1	GY	1.1	6.4	5.2	43.7	42.6	-0.1	26.0	4.9
20221206_0945_1200	100481	200484.0	0.0	200.0	M	94.7	5.3	GG	0.3	38.0	37.3	5.4	5.1	-5.3	12.0	5.2	94.8	RG	70.6	5.7	4.7	70.8	0.2	5.2	24.0	10.5
20221206_0945_1200	100481	200482.0	1.0	200.0	M	94.7	5.3	GG	0.3	38.0	37.3	5.4	5.1	-5.3	12.0	99.5	0.5	GY	1.0	72.4	21.8	5.7	4.7	-0.5	12.0	4.8
20221206_0945_1200	100483	200484.0	1.0	200.0	M	0.1	99.9	YY	0.3	5.4	5.1	21.4	21.1	0.1	24.0	5.2	94.8	RG	70.6	5.7	4.7	70.8	0.2	5.2	24.0	5.1
20221206_0945_1200	100570	200571.0	1.0	200.0	R	1.6	98.4	YY	0.4	14.5	13.0	40.2	39.8	1.6	24.0	8.5	91.5	RG	70.2	10.9	9.6	71.1	0.9	8.5	24.0	6.9
20221206_0945_1200	100607	200608.0	1.0	200.0	M	95.7	4.3	GG	0.3	30.1	29.4	14.7	14.4	-4.3	24.0	99.8	0.2	GY	0.8	13.7	10.7	19.1	18.3	-0.2	24.0	4.1
20221206_0945_1200	100797	200799.0	1.0	187.0	R	1.6	94.2	YY	0.4	30.3	29.7	13.8	13.4	1.6	30.0	7.5	88.3	RG	64.7	26.8	25.3	65.3	0.6	7.5	30.0	5.9
20221206_0945_1200	100880	200881.0	1.0	187.0	M	99.7	0.3	GY	0.4	10.4	10.0	44.0	43.6	-0.3	18.0	6.8	93.2	RG	73.0	12.3	11.3	75.9	2.9	6.8	21.0	7.1
20221206_0945_1200	100916	200918.0	1.0	187.0	L	98.9	1.1	GG	0.6	13.6	12.7	6.4	5.8	-1.1	21.0	2.7	97.3	YY	0.7	10.8	9.7	9.7	9.0	2.7	19.0	3.8
20221206_0945_1200	100917	200920.0	1.0	187.0	M	1.3	98.7	YY	0.3	12.1	11.8	19.9	19.6	1.3	19.0	6.3	93.7	RG	60.5	11.2	10.2	61.2	0.7	6.3	19.0	5.0
20221206_0945_1200	100946	200949.0	1.0	187.0	L	94.2	5.8	GG	1.1	18.0	17.6	10.0	8.9	-5.8	19.0	99.4	0.6	GY	1.0	1.9	1.0	11.3	10.3	-0.6	19.0	5.2
20221206_0945_1200	100950	200952.0	1.0	187.0	M	2.6	97.4	YY	0.4	9.5	9.2	23.4	23.0	2.6	18.0	9.3	90.7	RG	63.4	33.8	33.1	64.4	1.0	9.3	18.0	6.7
20221206_0945_1200	100973	200975.0	1.0	187.0	M	99.7	0.3	GY	0.3	48.4	48.1	24.1	23.8	-0.3	18.0	5.0	95.0	RG	73.9	8.8	8.1	75.5	1.6	5.0	27.0	5.3
20221206_0945_1200	100974	200976.0	1.0	187.0	R	0.9	99.1	YY	0.5	4.3	4.0	22.8	22.3	0.9	27.0	10.0	90.0	RG	68.6	23.0	21.8	69.6	1.0	10.0	27.0	9.1
20221206_0945_1200	101047	201050.0	1.0	205.0	R	96.1	3.9	GG	0.4	2.9	2.6	33.2	32.8	-3.9	18.0	0.9	101.5	YY	0.9	3.4	2.5	37.2	36.3	0.9	29.0	4.8
20221206_0945_1200	101049	201051.0	1.0	205.0	M	100.0	0.0	GY	0.2	39.0	38.4	21.0	20.8	0.0	18.0	6.3	96.1	RG	57.1	26.3	22.4	59.5	2.4	6.3	29.0	6.3
20221206_0945_1200	101231	201237.0	0.0	205.0	L	96.9	3.1	GG	0.3	36.4	35.8	4.1	3.8	-3.1	25.0	8.0	97.0	RG	67.8	24.1	22.6	68.4	0.6	8.0	30.0	11.1
20221206_0945_1200	101234	201237.0	1.0	205.0	L	1.0	104.0	YY	0.3	4.1	3.8	22.5	22.2	1.0	30.0	8.0	97.0	RG	67.8	24.1	22.6	68.4	0.6	8.0	30.0	7.0
20221206_0945_1200	101353	201354.0	1.0	205.0	L	90.6	4.4	GG	0.4	7.6	6.7	47.4	47.0	-4.4	45.0	0.6	99.7	YY	0.9	6.5	5.4	51.1	50.2	0.6	21.0	5.0
20221206_0945_1200	101416	201418.0	1.0	203.0	R	0.3	99.7	YY	0.2	9.0	8.6	5.9	5.7	0.3	25.0	6.4	93.6	RG	70.2	13.4	12.5	70.6	0.4	6.4	25.0	6.1
20221206_0945_1200	101456	201458.0	1.0	203.0	R	95.9	4.1	GG	0.6	17.5	16.5	35.5	34.9	-4.1	25.0	5.4	94.6	RG	70.7	10.9	9.5	71.4	0.7	5.4	17.0	9.5
20221206_0945_1200	101506	201508.0	1.0	203.0	M	96.0	4.0	GG	0.3	7.5	7.3	37.9	37.6	-4.0	18.0	0.2	99.8	YY	0.9	33.4	31.2	43.4	42.5	0.2	41.0	4.2
20221206_0945_1200	101580	201583.0	1.0	203.0	R	99.2	0.8	GG	0.3	9.6	9.1	33.1	32.8	-0.8	41.0	4.1	95.9	RG	70.3	8.4	7.4	72.8	2.5	4.1	22.0	4.9
20221206_0945_1200	101619	201621.0	1.0	203.0	M	95.7	4.3	GG	0.3	25.7	25.2	55.7	55.4	-4.3	22.0	99.9	0.1	GY	0.7	19.9	16.8	58.0	57.3	-0.1	22.0	4.2
20221206_0945_1200	101648	201650.0	1.0	203.0	M	95.7	4.3	GG	0.3	8.3	7.9	32.3	32.0	-4.3	16.0	0.6	99.4	YY	0.9	8.8	8.0	36.2	35.3	0.6	24.0	4.9
20221206_0945_1200	101693	201695.0	1.0	203.0	R	95.9	4.1	GG	0.3	7.0	6.6	13.1	12.8	-4.1	24.0	0.7	99.3	YY	0.9	6.2	5.2	44.9	44.0	0.7	24.0	4.8
20221206_0945_1200	101779	201781.0	1.0	197.0	L	95.6	4.4	GG	0.5	23.7	22.9	41.0	40.5	-4.4	28.0	0.3	99.7	YY	0.9	12.6	11.3	42.8	41.9	0.3	22.0	4.7
20221206_0945_1200	101859	201865.0	1.0	197.0	L	95.0	5.0	GG	0.5	2.7	2.4	49.4	48.9	-5.0	27.0	99.4	0.6	GY	0.9	2.9	2.2	52.0	51.1	-0.6	27.0	4.4
20221206_0945_1200	101862	201867.0	0.0	197.0	M	97.1	2.9	GG	0.3	3.8	3.4	0.9	0.6	-2.9	27.0	2.7	97.3	YY	0.7	1.1	0.3	12.9	12.2	2.7	19.0	5.6
20221206_0945_1200	101862	201866.0	1.0	197.0	M	97.1	2.9	GG	0.3	3.8	3.4	0.9	0.6	-2.9	27.0	1.6	98.4	YY	0.8	4.0	3.2	1.1	0.3	1.6	19.0	4.5
20221206_0945_1200	101864	201866.0	0.0	197.0	M	98.0	2.0	GG	0.4	0.9	0.6	9.4	9.0	-2.0	27.0	1.6	98.4	YY	0.8	4.0	3.2	1.1	0.3	1.6	19.0	3.6
20221206_0945_1200	101864	201867.0	1.0	197.0	M	98.0	2.0	GG	0.4	0.9	0.6	9.4	9.0	-2.0	27.0	2.7	97.3	YY	0.7	1.1	0.3	12.9	12.2	2.7	19.0	4.7
20221206_0945_1200	101896	201898.0	1.0	197.0	M	98.9	1.1	GG	0.3	9.1	8.9	9.9	9.6	-1.1	19.0	2.6	97.4	YY	0.7	8.0	7.1	14.6	13.9	2.6	24.0	3.7
20221206_0945_1200	101897	201899.0	1.0	197.0	L	1.5	98.5	YY	0.3	52.5	51.6	16.7	16.4	1.5	24.0	7.2	92.8	RG	69.7	55.8	31.7	69.9	0.2	7.2	24.0	5.7
20221206_0945_1200	102054	202055.0	1.0	197.0	R	1.1	98.9	YY	0.5	21.6	21.2	12.8	12.3	1.1	24.0	9.5	90.5	RG	64.9	24.5	23.4	66.6	1.7	9.5	24.0	8.4
20221206_0945_1200	102139	202144.0	0.0	262.0	R	97.2	2.8	GG	0.3	13.2	12.9	3.6	3.3	-2.8	25.0	6.9	93.1	RG	72.9	5.3	4.5	73.0	0.1	6.9	21.0	9.7
20221206_0945_1200	102139	202141.0	1.0	262.0	R	97.2	2.8	GG	0.3	13.2	12.9	3.6	3.3	-2.8	25.0	1.6	98.4	YY	0.8	13.2	12.4	5.3	4.5	1.6	21.0	4.4
20221206_0945_1200	102140	202144.0	1.0	262.0	R	0.8	99.2	YY	0.3	3.6	3.3	7.7	7.4	0.8	21.0	6.9	93.1	RG	72.9	5.3	4.5	73.0	0.1	6.9	21.0	6.1
20221206_0945_1200	102142	202145.0	1.0	262.0	M	1.7	98.3	YY	0.3	8.9	8.6	45.6	45.3	1.7	21.0	8.3	91.7	RG	67.8	11.6	10.8	68.0	0.2	8.3	21.0	6.6
20221206_0945_1200	102175	202176.0	1.0	262.0	L	98.0	2.0	GG	0.5	9.6	9.1	7.1	6.6	-2.0	21.0	1.8	98.2	YY	0.8	8.4	7.3	16.9	16.1	1.8	36.0	3.8
20221206_0945_1200	102278	202283.0	1.0	262.0	R	97.2	2.8	GG	0.4	14.2	13.8	2.1	1.7	-2.8	26.0	1.8	98.2	YY	0.9	13.1	12.0	2.0	1.1	1.8	36.0	4.6
20221206_0945_1200	102278	202286.0	0.0	262.0	R	97.2	2.8	GG	0.4	14.2	13.8	2.1	1.7	-2.8	26.0	3.8	96.2	RR	0.8	2.0	1.1	7.1	6.3	3.8	36.0	6.6
20221206_0945_1200	102281	202290.0	0.0	262.0	R	99.3	0.7	GG	0.3	2.1	1.7	4.3	4.0	-0.7	26.0	10.9	89.1	RG	52.3	7.1	6.3	53.3	1.0	10.9	36.0	11.6
20221206_0945_1200	102281	202286.0	1.0	262.0	R	99.3	0.7	GG	0.3	2.1	1.7	4.3	4.0	-0.7	26.0	3.8	96.2	RR	0.8	2.0	1.1	7.1	6.3	3.8	36.0	4.5
20221206_0945_1200	102281	202283.0	0.0	262.0	R	99.3	0.7	GG	0.3	2.1	1.7	4.3	4.0	-0.7	26.0	1.8	98.2	YY	0.9	13.1	12.0	2.0	1.1	1.8	36.0	2.5
20221206_0945_1200	102284	202289.0	1.0	262.0	M	2.8	97.2	YY	0.3	8.2	8.0	15.0	14.7	2.8	36.0	10.0	90.0	RG	54.4	11.8	11.1	64.3	9.9	10.0	36.0	7.2
20221206_0945_1200	102285	202290.0	1.0	262.0	R	3.6	96.4	RR	0.3	4.3	4.0	45.3	45.0	3.6	36.0	10.9	89.1	RG	52.3	7.1	6.3	53.3	1.0	10.9	36.0	7.3
20221206_0945_1200	102336	202350.0	0.0	262.0	R	94.4	5.6	GG	0.3	1.7	1.4	3.4	3.1	-5.6	36.0	2.3	97.7	YY	0.8	3.2	2.2	1.8	1.0	2.3	16.0	7.9
20221206_0945_1200	102336	202346.0	1.0	262.0	R	94.4	5.6	GG	0.3	1.7	1.4	3.4	3.1	-5.6	36.0	99.1	0.9	GY	1.0	2.1	1.2	3.2	2.2	-0.9	36.0	4.7
20221206_0945_1200	102336	202353.0	0.0	262.0	R	94.4	5.6	GG	0.3	1.7	1.4	3.4	3.1	-5.6	36.0	4.1	95.9	RR	0.8	1.8	1.0	23.8	23.0	4.1	16.0	9.7
20221206_0945_1200	102337	202347.0	1.0	262.0	L	94.7	5.3	GG	0.3	1.6	1.2	1.6	1.3	-5.3	36.0	99.3	0.7	GY	0.9	1.6	0.7	1.6	0.7	-0.7	36.0	4.6
20221206_0945_1200	102337	202349.0	0.0	262.0	L	94.7	5.3	GG	0.3	1.6	1.2	1.6	1.3	-5.3	36.0	0.9	99.1	YY	0.9	1.6	0.7	9.6	8.7	0.9	16.0	6.2
20221206_0945_1200	102340	202349.0	1.0	262.0	L	96.3	3.7	GG	0.5	1.6	1.3	7.7	7.2	-3.7	36.0	0.9	99.1	YY	0.9	1.6	0.7	9.6	8.7	0.9	16.0	4.6
20221206_0945_1200	102340	202347.0	0.0	262.0	L	96.3	3.7	GG	0.5	1.6	1.3	7.7	7.2	-3.7	36.0	99.3	0.7	GY	0.9	1.6	0.7	1.6	0.7	-0.7	36.0	3.0
20221206_0945_1200	102344	202353.0	0.0	262.0	R	97.8	2.2	GG	0.4	3.4	3.1	2.0	1.6	-2.2	36.0	4.1	95.9	RR	0.8	1.8	1.0	23.8	23.0	4.1	16.0	6.3
20221206_0945_1200	102344	202350.0	1.0	262.0	R	97.8	2.2	GG	0.4	3.4	3.1	2.0	1.6	-2.2	36.0	2.3	97.7	YY	0.8	3.2	2.2	1.8	1.0	2.3	16.0	4.5
20221206_0945_1200	102345	202351.0	1.0	262.0	M	98.2	1.8	GG	0.4	6.3	5.6	18.5	18.1	-1.8	36.0	2.9	97.1	YR	1.0	6.6	5.4	19.5	18.5	2.9	16.0	4.7
20221206_0945_1200	102348	202350.0	0.0	262.0	R	99.8	0.2	GY	0.3	2.0	1.6	21.2	20.9	-0.2	36.0	2.3	97.7	YY	0.8	3.2	2.2	1.8	1.0	2.3	16.0	2.5
20221206_0945_1200	102348	202353.0	1.0	262.0	R	99.8	0.2	GY	0.3	2.0	1.6	21.2	20.9	-0.2	36.0	4.1	95.9	RR	0.8	1.8	1.0	23.8	23.0	4.1	16.0	4.3
20221206_0945_1200	102376	202378.0	1.0	262.0	R	96.3	3.7	GG	0.3	5.2	4.9	9.1	8.8	-3.7	16.0	0.1	99.9	YY	0.7	5.3	4.7	12.6	11.9	0.1	25.0	3.8
20221206_0945_1200	102379	202381.0	1.0	262.0	L	0.1	99.9	YY	0.3	8.1	7.8	4.7	4.4	0.1	25.0	5.4	94.6	RG	68.9	9.4	8.8	69.4	0.5	5.4	25.0	5.3
20221206_0945_1200	102419	202422.0	1.0	262.0	L	96.2	3.8	GG	0.2	25.1	24.5	2.7	2.5	-3.8	25.0	0.3	99.7	YY	0.8	16.9	15.3	2.7	1.9	0.3	28.0	4.1
20221206_0945_1200	102419	202424.0	0.0	262.0	L	96.2	3.8	GG	0.2	25.1	24.5	2.7	2.5	-3.8	25.0	3.0	97.0	YR	0.8	2.7	1.9	20.7	19.9	3.0	28.0	6.8
20221206_0945_1200	102420	202423.0	1.0	262.0	R	97.3	2.7	GG	0.2	21.5	10.8	6.2	6.0	-2.7	25.0	1.3	98.7	YY	0.8	5.6	4.3	9.6	8.8	1.3	28.0	4.0
20221206_0945_1200	102421	202424.0	1.0	262.0	L	98.9	1.1	GG	0.3	2.7	2.5	16.7	16.4	-1.1	25.0	3.0	97.0	YR	0.8	2.7	1.9	20.7	19.9	3.0	28.0	4.1
20221206_0945_1200	102425	202427.0	1.0	262.0	R	3.5	96.5	YR	0.4	6.2	6.0	9.5	9.1	3.5	28.0	10.9	89.1	RG	76.4	9.6	8.8	77.5	1.1	10.9	28.0	7.4
20221206_0945_1200	102468	202471.0	1.0	262.0	R	97.7	2.3	GG	0.3	11.4	9.4	6.7	6.4	-2.3	28.0	1.8	98.2	YY	0.8	5.6	4.3	12.7	11.9	1.8	44.0	4.1
20221206_0945_1200	102469	202473.0	1.0	262.0	M	97.8	2.2	GG	0.4	7.2	6.9	4.9	4.5	-2.2	28.0	2.3	97.7	YY	0.9	7.9	7.2	8.6	7.7	2.3	44.0	4.5
20221206_0945_1200	102470	202478.0	1.0	262.0	L	0.6	99.4	YY	0.3	6.8	6.6	1.5	1.2	0.6	44.0	7.3	92.7	RG	69.6	9.8	9.1	69.9	0.3	7.3	44.0	6.7
20221206_0945_1200	102472	202478.0	0.0	262.0	L	2.1	97.9	YY	0.3	1.5	1.2	3.3	3.0	2.1	44.0	7.3	92.7	RG	69.6	9.8	9.1	69.9	0.3	7.3	44.0	5.2
20221206_0945_1200	102474	202483.0	1.0	262.0	M	2.7	97.3	YY	0.6	4.9	4.5	2.2	1.6	2.7	44.0	10.9	89.1	RG	64.9	8.6	7.7	65.2	0.3	10.9	44.0	8.2
20221206_0945_1200	102604	202607.0	1.0	238.0	R	100.7	4.3	GG	0.7	4.2	3.5	19.4	18.7	-4.3	40.0	3.7	91.3	RG	52.7	9.8	8.8	56.3	3.6	3.7	38.0	8.0
20221206_0945_1200	102606	202608.0	1.0	238.0	L	0.6	94.4	YY	0.3	8.3	7.9	46.6	46.3	0.6	38.0	5.4	89.6	RG	53.2	8.8	7.9	54.8	1.6	5.4	38.0	4.8
20221206_0945_1200	102675	202676.0	1.0	238.0	M	94.1	0.9	GG	0.3	11.2	10.9	33.2	32.9	-0.9	38.0	3.5	96.5	YR	0.8	4.5	3.6	36.4	35.6	3.5	21.0	4.4
20221206_0945_1200	102715	202716.0	1.0	238.0	L	0.5	99.5	YY	0.3	10.8	10.5	25.8	25.5	0.5	20.0	6.7	93.3	RG	70.1	12.3	11.4	70.5	0.4	6.7	20.0	6.2
20221206_0945_1200	102746	202747.0	0.0	238.0	R	99.4	0.6	GG	0.4	24.0	23.1	11.4	11.0	-0.6	20.0	2.5	97.5	YG	72.6	13.6	12.0	72.9	0.3	2.5	39.0	3.1
20221206_0945_1200	102813	202815.0	1.0	238.0	M	97.3	2.7	GG	0.2	9.1	8.6	38.7	38.5	-2.7	39.0	1.3	98.7	YY	0.7	6.0	4.9	41.3	40.6	1.3	29.0	4.0
20221206_0945_1200	102864	202867.0	1.0	238.0	R	2.8	97.2	YY	0.4	18.4	17.9	12.8	12.4	2.8	35.0	9.6	90.4	RG	55.3	18.2	16.8	55.4	0.1	9.6	35.0	6.8
20221206_0945_1200	102865	202866.0	1.0	238.0	L	3.1	96.9	YY	0.4	20.2	18.7	20.9	20.5	3.1	35.0	9.3	90.7	RG	54.7	15.1	14.0	56.8	2.1	9.3	35.0	6.2
20221206_0945_1200	102962	202963.0	1.0	238.0	R	0.5	99.5	YY	0.4	19.2	18.3	26.6	26.2	0.5	26.0	7.8	92.2	RG	60.4	18.1	16.8	60.9	0.5	7.8	26.0	7.3
20221206_0945_1200	103005	203010.0	0.0	238.0	R	94.2	5.8	GG	0.4	4.4	3.9	1.9	1.5	-5.8	26.0	2.0	98.0	YY	1.2	2.4	1.4	24.4	23.2	2.0	17.0	7.8
20221206_0945_1200	103005	203009.0	1.0	238.0	R	94.2	5.8	GG	0.4	4.4	3.9	1.9	1.5	-5.8	26.0	99.6	0.4	GY	1.0	4.2	3.1	2.4	1.4	-0.4	26.0	5.4
20221206_0945_1200	103007	203010.0	1.0	238.0	R	96.1	3.9	GG	0.4	1.9	1.5	46.4	46.0	-3.9	26.0	2.0	98.0	YY	1.2	2.4	1.4	24.4	23.2	2.0	17.0	5.9
20221206_0945_1200	103007	203009.0	0.0	238.0	R	96.1	3.9	GG	0.4	1.9	1.5	46.4	46.0	-3.9	26.0	99.6	0.4	GY	1.0	4.2	3.1	2.4	1.4	-0.4	26.0	3.5
20221206_0945_1200	103105	203107.0	1.0	247.0	R	103.3	1.7	GG	0.3	7.3	6.6	26.0	25.7	-1.7	37.0	2.5	64.9	YY	0.7	6.8	5.6	29.2	28.5	2.5	23.0	4.2
20221206_0945_1200	103202	203209.0	1.0	247.0	M	107.4	5.3	GG	0.5	4.6	4.3	5.0	4.5	-5.3	42.0	0.9	114.0	YY	1.2	5.8	4.8	5.5	4.3	0.9	21.0	6.2
20221206_0945_1200	103202	203215.0	0.0	247.0	M	107.4	5.3	GG	0.5	4.6	4.3	5.0	4.5	-5.3	42.0	6.4	108.5	RG	82.1	5.5	4.3	82.2	0.1	6.4	21.0	11.7
20221206_0945_1200	103204	203211.0	1.0	247.0	R	108.4	4.3	GG	0.6	3.5	2.7	7.5	6.9	-4.3	42.0	2.3	112.6	YY	1.0	3.4	2.2	9.9	8.9	2.3	21.0	6.6
20221206_0945_1200	103204	203207.0	0.0	247.0	R	108.4	4.3	GG	0.6	3.5	2.7	7.5	6.9	-4.3	42.0	111.6	1.1	GY	1.2	2.4	1.2	3.4	2.2	-1.1	42.0	3.2
20221206_0945_1200	103206	203214.0	0.0	247.0	L	109.7	3.0	GG	0.5	8.1	7.4	5.9	5.4	-3.0	42.0	3.2	111.7	YG	86.8	8.5	7.3	87.3	0.5	3.2	21.0	6.2
20221206_0945_1200	103208	203215.0	1.0	247.0	M	112.4	0.3	GY	0.4	5.0	4.5	2.5	2.1	-0.3	42.0	6.4	108.5	RG	82.1	5.5	4.3	82.2	0.1	6.4	21.0	6.7
20221206_0945_1200	103210	203215.0	0.0	247.0	M	2.2	112.7	YY	0.4	2.5	2.1	11.5	11.1	2.2	21.0	6.4	108.5	RG	82.1	5.5	4.3	82.2	0.1	6.4	21.0	4.2
20221206_0945_1200	103245	203251.0	0.0	247.0	R	113.7	1.2	GG	0.3	17.5	17.3	5.0	4.7	-1.2	21.0	11.1	88.9	RG	53.7	8.1	7.2	56.9	3.2	11.1	21.0	12.3
20221206_0945_1200	103245	203247.0	1.0	247.0	R	113.7	1.2	GG	0.3	17.5	17.3	5.0	4.7	-1.2	21.0	3.0	97.0	YR	0.9	17.0	15.9	8.1	7.2	3.0	21.0	4.2
20221206_0945_1200	103246	203249.0	1.0	247.0	M	114.7	0.2	GY	0.3	30.9	30.5	35.9	35.6	-0.2	21.0	5.0	95.0	RG	58.9	23.3	21.9	59.5	0.6	5.0	21.0	5.2
20221206_0945_1200	103334	203341.0	1.0	247.0	M	95.4	4.6	GG	0.4	15.9	15.5	3.9	3.5	-4.6	35.0	100.0	0.0	GY	0.9	14.7	13.7	53.4	52.5	0.0	35.0	4.6
20221206_0945_1200	103336	203340.0	1.0	247.0	R	96.2	3.8	GG	0.3	5.7	5.3	3.4	3.1	-3.8	35.0	100.0	0.0	GY	0.8	5.4	4.6	15.3	14.5	0.0	35.0	3.8
20221206_0945_1200	103386	203389.0	1.0	247.0	L	95.6	4.4	GG	0.4	23.8	23.0	10.1	9.7	-4.4	28.0	0.1	99.9	YY	1.0	13.3	12.0	12.4	11.4	0.1	26.0	4.5
20230327_0700_1400	100099	200100.0	1.0	146.0	M	0.0	120.0	YY	0.3	54.6	54.1	62.7	62.4	0.0	15.0	3.8	116.2	RR	0.7	50.7	49.1	65.7	65.0	3.8	15.0	3.8
20230327_0700_1400	100129	200131.0	1.0	146.0	M	1.9	118.1	YY	0.3	40.0	39.7	4.8	4.5	1.9	29.0	7.0	113.0	RG	62.3	40.6	39.8	64.7	2.4	7.0	29.0	5.1
20230327_0700_1400	100184	200188.0	1.0	146.0	R	0.0	120.0	YY	0.4	12.4	12.2	63.2	62.8	0.0	16.0	5.7	114.3	RG	61.1	14.5	13.8	63.3	2.2	5.7	16.0	5.7
20230327_0700_1400	100185	200187.0	1.0	146.0	M	1.3	118.7	YY	0.3	14.9	14.5	64.6	64.3	1.3	16.0	4.8	115.2	RR	0.7	13.4	12.5	65.4	64.7	4.8	16.0	3.5
20230327_0700_1400	100214	200216.0	1.0	146.0	M	1.7	118.3	YY	0.4	10.3	10.0	7.3	6.9	1.7	31.0	9.3	110.7	RG	71.1	13.9	13.1	71.3	0.2	9.3	31.0	7.6
20230327_0700_1400	100264	200266.0	1.0	146.0	R	114.9	5.1	GG	0.4	1.7	1.3	22.0	21.6	-5.1	31.0	119.3	0.7	GY	0.9	1.7	0.8	26.7	25.8	-0.7	31.0	4.4
20230327_0700_1400	100298	200299.0	1.0	185.0	M	0.7	119.3	YY	0.2	39.4	38.9	40.6	40.4	0.7	28.0	5.8	114.2	RG	64.8	36.9	35.5	65.0	0.2	5.8	28.0	5.1
20230327_0700_1400	100345	200346.0	1.0	185.0	R	118.1	1.9	GG	0.3	49.5	48.7	7.4	7.1	-1.9	28.0	1.7	118.3	YY	0.7	41.5	40.2	10.3	9.6	1.7	22.0	3.6
20230327_0700_1400	100427	200428.0	1.0	185.0	R	1.5	118.5	YY	0.4	20.6	20.1	7.6	7.2	1.5	22.0	8.4	111.6	RG	70.7	22.0	21.1	73.4	2.7	8.4	22.0	6.9
20230327_0700_1400	100737	200741.0	0.0	247.0	L	114.1	5.9	GG	0.9	13.8	13.3	1.6	0.7	-5.9	43.0	0.3	119.7	YY	1.0	16.2	15.5	56.9	55.9	0.3	33.0	6.2
20230327_0700_1400	100738	200741.0	1.0	247.0	L	115.7	4.3	GG	0.5	1.6	0.7	55.1	54.6	-4.3	43.0	0.3	119.7	YY	1.0	16.2	15.5	56.9	55.9	0.3	33.0	4.6
20230327_0700_1400	100964	200965.0	1.0	247.0	R	117.8	2.2	GG	0.5	23.4	22.7	5.2	4.7	-2.2	39.0	2.7	117.3	YR	0.9	21.5	20.3	6.2	5.3	2.7	45.0	4.9
20230327_0700_1400	100964	200968.0	0.0	247.0	R	117.8	2.2	GG	0.5	23.4	22.7	5.2	4.7	-2.2	39.0	8.9	111.1	RG	57.5	6.2	5.3	58.9	1.4	8.9	45.0	11.1
20230327_0700_1400	100966	200968.0	1.0	247.0	R	3.0	117.0	YY	0.3	5.2	4.7	58.4	58.1	3.0	45.0	8.9	111.1	RG	57.5	6.2	5.3	58.9	1.4	8.9	45.0	5.9
20230327_0700_1400	101049	201050.0	1.0	247.0	M	118.4	1.6	GG	0.4	25.2	25.0	14.9	14.5	-1.6	45.0	3.0	117.0	YR	0.8	26.1	25.3	19.4	18.6	3.0	34.0	4.6
20230327_0700_1400	101112	201114.0	1.0	227.0	L	116.2	3.8	GG	0.6	6.1	5.6	1.4	0.8	-3.8	34.0	1.2	118.8	YY	1.1	13.7	12.7	1.3	0.2	1.2	40.0	5.0
20230327_0700_1400	101112	201115.0	0.0	227.0	L	116.2	3.8	GG	0.6	6.1	5.6	1.4	0.8	-3.8	34.0	2.5	117.5	YY	1.0	1.3	0.2	11.5	10.5	2.5	40.0	6.3
20230327_0700_1400	101113	201114.0	0.0	227.0	L	117.6	2.4	GG	0.6	1.4	0.8	9.5	8.9	-2.4	34.0	1.2	118.8	YY	1.1	13.7	12.7	1.3	0.2	1.2	40.0	3.6
20230327_0700_1400	101113	201115.0	1.0	227.0	L	117.6	2.4	GG	0.6	1.4	0.8	9.5	8.9	-2.4	34.0	2.5	117.5	YY	1.0	1.3	0.2	11.5	10.5	2.5	40.0	4.9
20230327_0700_1400	101252	201257.0	0.0	227.0	R	114.3	5.7	GG	0.3	2.2	1.8	5.8	5.5	-5.7	39.0	5.2	114.8	RG	58.3	6.4	5.6	68.3	10.0	5.2	23.0	10.9
20230327_0700_1400	101256	201257.0	1.0	227.0	R	0.1	119.9	YY	0.3	5.8	5.5	69.9	69.6	0.1	23.0	5.2	114.8	RG	58.3	6.4	5.6	68.3	10.0	5.2	23.0	5.1
20230327_0700_1400	101297	201298.0	1.0	227.0	R	117.0	3.0	GG	0.4	16.7	16.4	24.0	23.6	-3.0	23.0	1.0	119.0	YY	0.8	16.7	15.9	30.7	29.9	1.0	32.0	4.0
20230327_0700_1400	101414	201415.0	1.0	227.0	M	116.7	3.3	GG	0.2	19.3	19.0	13.6	13.4	-3.3	30.0	120.0	0.0	GY	0.6	18.5	17.8	18.0	17.4	0.0	30.0	3.3
20230327_0700_1400	101416	201417.0	1.0	227.0	R	1.1	118.9	YY	0.8	11.0	10.7	32.8	32.0	1.1	24.0	8.0	112.0	RG	75.0	14.0	13.2	75.9	0.9	8.0	24.0	6.9
20230327_0700_1400	101453	201457.0	1.0	227.0	R	118.3	1.7	GG	0.4	42.6	42.2	67.7	67.3	-1.7	24.0	2.9	117.1	YR	0.9	8.0	7.0	56.7	55.8	2.9	39.0	4.6
20230327_0700_1400	101455	201456.0	1.0	227.0	M	119.0	1.0	GG	0.1	5.8	5.6	7.3	7.2	-1.0	24.0	2.0	118.0	YY	0.6	6.4	5.9	10.2	9.6	2.0	39.0	3.0
20230327_0700_1400	101526	201527.0	1.0	213.0	M	116.4	3.6	GG	0.4	16.0	15.6	47.1	46.7	-3.6	39.0	0.9	119.1	YY	0.8	15.9	15.0	51.0	50.2	0.9	31.0	4.5
20230327_0700_1400	101578	201579.0	1.0	213.0	M	119.9	0.1	GY	0.3	14.3	14.0	6.7	6.4	-0.1	31.0	3.8	116.2	RR	0.8	14.2	13.5	9.1	8.3	3.8	36.0	3.9
20230327_0700_1400	101667	201668.0	1.0	213.0	R	119.2	0.8	GG	0.2	61.5	61.1	33.4	33.2	-0.8	17.0	2.5	117.5	YY	0.6	39.5	37.9	37.3	36.7	2.5	27.0	3.3
20230327_0700_1400	101716	201717.0	1.0	213.0	M	3.0	117.0	YY	0.3	31.4	30.7	58.4	58.1	3.0	23.0	9.3	110.7	RG	68.5	29.5	28.1	72.1	3.6	9.3	23.0	6.3
20230327_0700_1400	101865	201867.0	1.0	213.0	R	0.5	119.5	YY	0.4	40.2	39.5	51.7	51.3	0.5	23.0	6.4	113.6	RG	73.1	38.7	37.6	73.5	0.4	6.4	23.0	5.9
20230327_0700_1400	101959	201961.0	1.0	204.0	M	117.8	2.2	GG	0.3	18.8	18.6	9.3	9.0	-2.2	32.0	1.7	118.3	YY	0.8	19.0	18.3	13.3	12.5	1.7	37.0	3.9
20230327_0700_1400	102030	202031.0	1.0	204.0	L	2.2	117.8	YY	0.5	24.6	23.6	51.5	51.0	2.2	32.0	7.7	112.3	RG	75.5	22.7	21.6	76.9	1.4	7.7	32.0	5.5
20230327_0700_1400	102409	202410.0	1.0	172.0	M	119.1	0.9	GG	0.2	17.9	17.6	73.1	72.9	-0.9	33.0	2.6	117.4	YY	0.6	18.0	17.3	73.4	72.8	2.6	16.0	3.5
20230327_0700_1400	102439	202440.0	1.0	172.0	R	115.1	4.9	GG	0.9	9.8	9.5	13.2	12.3	-4.9	16.0	0.6	119.4	YY	1.8	11.1	10.3	13.8	12.0	0.6	32.0	5.5
20230327_0700_1400	102670	202671.0	1.0	189.0	R	118.9	1.1	GY	1.2	37.9	37.5	18.1	16.9	-1.1	36.0	7.4	112.6	RG	71.0	40.9	39.8	71.6	0.6	7.4	28.0	8.5
20230327_0700_1400	102885	202887.0	1.0	189.0	L	0.4	110.2	YY	1.1	22.9	22.5	2.7	1.6	0.4	13.0	6.1	104.5	RG	75.7	24.6	23.8	80.3	4.6	6.1	13.0	5.7
20230327_0700_1400	102886	202887.0	0.0	189.0	L	3.1	107.5	YY	0.4	2.7	1.6	13.1	12.7	3.1	13.0	6.1	104.5	RG	75.7	24.6	23.8	80.3	4.6	6.1	13.0	3.0
20230327_0700_1400	102905	202906.0	1.0	146.0	M	108.8	1.8	GG	0.2	55.5	55.2	57.5	57.3	-1.8	13.0	1.2	110.2	YY	0.5	51.5	32.3	42.0	41.5	1.2	24.0	3.0
20230327_0700_1400	103079	203080.0	1.0	146.0	L	0.8	99.2	YY	0.7	28.0	27.2	48.9	48.2	0.8	11.0	5.9	94.1	RG	58.2	20.5	19.4	84.7	26.5	5.9	11.0	5.1
20230327_0700_1400	103123	203124.0	1.0	146.0	M	102.5	2.5	GG	0.3	33.7	33.4	47.5	47.2	-2.5	15.0	1.1	93.9	YY	0.7	33.0	32.2	51.1	50.4	1.1	12.0	3.6
20230327_0700_1400	103172	203173.0	1.0	163.0	M	99.3	0.7	GG	0.3	36.6	36.1	17.2	16.9	-0.7	18.0	3.0	102.0	YY	0.6	19.8	18.6	20.6	20.0	3.0	18.0	3.7
20230327_0700_1400	103237	203239.0	1.0	163.0	M	91.2	3.8	GG	0.3	48.6	46.5	5.7	5.4	-3.8	22.0	0.2	99.8	YY	0.7	26.7	25.0	32.0	31.3	0.2	21.0	4.0
20230327_0700_1400	103240	203243.0	1.0	163.0	R	0.4	99.6	YY	0.3	25.5	23.6	1.5	1.2	0.4	21.0	4.0	96.0	RR	0.7	6.3	4.6	3.8	3.1	4.0	21.0	3.6
20230327_0700_1400	103240	203244.0	0.0	163.0	R	0.4	99.6	YY	0.3	25.5	23.6	1.5	1.2	0.4	21.0	7.8	92.2	RG	75.1	3.8	3.1	75.2	0.1	7.8	21.0	7.4
20230327_0700_1400	103241	203244.0	1.0	163.0	R	1.9	98.1	YY	0.3	1.5	1.2	29.5	29.2	1.9	21.0	7.8	92.2	RG	75.1	3.8	3.1	75.2	0.1	7.8	21.0	5.9
20230327_0700_1400	103326	203328.0	1.0	163.0	M	95.4	4.6	GG	0.4	23.9	23.5	2.4	2.0	-4.6	15.0	0.2	104.0	YY	0.9	23.0	21.6	44.0	43.1	0.2	11.0	4.8
20230327_0700_1400	103592	203594.0	1.0	178.0	R	93.4	1.6	GG	0.4	6.9	6.5	43.8	43.4	-1.6	33.0	2.7	97.3	YY	0.8	6.0	4.9	46.4	45.6	2.7	17.0	4.3
20230327_0700_1400	103593	203595.0	1.0	178.0	L	1.5	98.5	YY	0.4	8.8	8.4	48.6	48.2	1.5	17.0	8.9	91.1	RG	64.3	11.3	10.3	67.0	2.7	8.9	17.0	7.4
20230327_0700_1400	103623	203624.0	1.0	178.0	L	2.7	97.3	YY	0.7	39.1	38.6	21.3	20.6	2.7	25.0	9.6	90.4	RG	66.6	28.1	26.7	68.3	1.7	9.6	25.0	6.9
20230327_0700_1400	103833	203834.0	1.0	189.0	R	99.6	0.4	GY	0.5	15.7	14.7	25.8	25.3	-0.4	27.0	5.9	99.1	RG	62.0	13.6	12.3	63.9	1.9	5.9	14.0	6.3
20230327_0700_1400	103854	203856.0	1.0	189.0	R	104.9	0.1	GY	0.3	7.3	6.9	10.4	10.1	-0.1	14.0	6.5	93.5	RG	64.3	9.2	8.2	65.1	0.8	6.5	30.0	6.6
20230327_0700_1400	103906	203907.0	1.0	189.0	M	96.9	3.1	GG	0.2	14.5	14.1	38.4	38.2	-3.1	30.0	100.0	0.0	GY	0.7	11.9	10.9	37.8	37.1	0.0	30.0	3.1
20230327_0700_1400	103945	203946.0	1.0	189.0	R	1.9	98.1	YY	0.7	17.9	17.3	63.1	62.4	1.9	19.0	8.9	91.1	RG	54.5	16.6	15.4	61.1	6.6	8.9	19.0	7.0
20230327_0700_1400	104308	204314.0	1.0	172.0	M	94.9	5.1	GG	0.3	3.1	2.8	37.8	37.5	-5.1	27.0	99.4	0.6	GY	0.8	3.8	3.1	40.6	39.8	-0.6	27.0	4.5
20230327_0700_1400	104310	204315.0	1.0	172.0	R	95.8	4.2	GG	0.7	2.8	1.9	2.4	1.7	-4.2	27.0	1.4	103.6	YY	1.4	2.9	1.4	2.9	1.5	1.4	22.0	5.6
20230327_0700_1400	104310	204317.0	0.0	172.0	R	95.8	4.2	GG	0.7	2.8	1.9	2.4	1.7	-4.2	27.0	4.3	100.7	RG	60.0	2.9	1.5	60.2	0.2	4.3	22.0	8.5
20230327_0700_1400	104310	204313.0	0.0	172.0	R	95.8	4.2	GG	0.7	2.8	1.9	2.4	1.7	-4.2	27.0	98.5	1.5	GY	1.5	2.4	0.3	2.9	1.4	-1.5	27.0	2.7
20230327_0700_1400	104312	204317.0	1.0	172.0	R	98.2	1.8	GG	0.6	2.4	1.7	14.2	13.6	-1.8	27.0	4.3	100.7	RG	60.0	2.9	1.5	60.2	0.2	4.3	22.0	6.1
20230327_0700_1400	104312	204315.0	0.0	172.0	R	98.2	1.8	GG	0.6	2.4	1.7	14.2	13.6	-1.8	27.0	1.4	103.6	YY	1.4	2.9	1.4	2.9	1.5	1.4	22.0	3.2
20230327_0700_1400	104411	204414.0	1.0	208.0	R	95.3	4.7	GG	0.4	17.6	17.1	49.9	49.5	-4.7	17.0	0.2	99.8	YY	1.0	14.1	12.4	53.4	52.4	0.2	33.0	4.9
20230327_0700_1400	104412	204413.0	1.0	208.0	M	95.5	4.5	GG	0.3	45.2	44.8	53.4	53.1	-4.5	17.0	99.5	0.5	GY	0.8	16.0	14.9	56.6	55.8	-0.5	17.0	4.0
20230327_0700_1400	104640	204641.0	1.0	208.0	R	98.6	1.4	GG	0.4	10.2	9.7	17.0	16.6	-1.4	25.0	4.3	95.7	RG	60.0	10.1	9.1	60.2	0.2	4.3	23.0	5.7
20230327_0700_1400	104679	204680.0	1.0	208.0	R	96.8	3.2	GG	0.3	26.3	25.8	41.9	41.6	-3.2	23.0	0.7	99.3	YY	0.8	8.1	6.4	54.7	53.9	0.7	14.0	3.9
20230327_0700_1400	104742	204743.0	1.0	208.0	R	99.7	0.3	GY	0.3	31.1	11.1	9.5	9.2	-0.3	25.0	6.1	93.9	RG	61.8	9.4	8.2	63.5	1.7	6.1	27.0	6.4
20230327_0700_1400	104787	204788.0	1.0	212.0	R	1.2	98.8	YY	0.3	24.2	23.7	15.2	14.9	1.2	35.0	6.9	93.1	RG	60.0	23.4	22.2	61.9	1.9	6.9	35.0	5.7
20230327_0700_1400	104846	204849.0	1.0	212.0	M	96.3	3.7	GG	0.3	18.6	17.9	39.5	39.2	-3.7	35.0	1.8	98.2	YY	1.0	17.1	15.9	40.7	39.7	1.8	15.0	5.5
20230327_0700_1400	104848	204850.0	1.0	212.0	L	99.8	0.2	GY	0.4	12.2	11.3	24.2	23.8	-0.2	35.0	3.6	96.4	YR	0.7	11.1	9.8	27.2	26.5	3.6	15.0	3.8
20230327_0700_1400	104904	204905.0	1.0	212.0	R	96.7	3.3	GG	0.4	16.0	15.5	9.1	8.7	-3.3	17.0	1.1	98.9	YY	0.8	13.9	12.7	13.6	12.8	1.1	26.0	4.4
20230327_0700_1400	105002	205003.0	1.0	212.0	R	96.4	3.6	GG	0.4	18.4	10.6	36.4	36.0	-3.6	29.0	1.3	98.7	YY	0.9	6.2	4.7	38.5	37.6	1.3	17.0	4.9
20230327_0700_1400	105031	205036.0	0.0	212.0	M	95.5	4.5	GG	0.3	13.9	13.5	6.0	5.7	-4.5	17.0	8.0	92.0	RG	58.5	9.0	8.4	59.8	1.3	8.0	30.0	12.5
20230327_0700_1400	105033	205035.0	1.0	212.0	R	0.8	99.2	YY	0.3	11.7	11.3	31.7	31.4	0.8	30.0	6.7	93.3	RG	53.9	13.4	12.5	54.7	0.8	6.7	30.0	5.9
20230327_0700_1400	105034	205036.0	1.0	212.0	M	1.5	98.5	YY	0.3	6.0	5.7	13.5	13.2	1.5	30.0	8.0	92.0	RG	58.5	9.0	8.4	59.8	1.3	8.0	30.0	6.5
20230327_0700_1400	105215	205216.0	1.0	194.0	R	95.2	4.8	GG	0.4	41.3	39.7	32.6	32.2	-4.8	19.0	99.3	0.7	GY	0.8	13.2	11.6	15.8	15.0	-0.7	19.0	4.1
20230327_0700_1400	105334	205337.0	1.0	194.0	M	115.9	1.1	GG	0.2	8.8	8.4	15.0	14.8	-1.1	30.0	2.4	114.6	YY	0.6	7.5	6.5	18.9	18.3	2.4	13.0	3.5
20230327_0700_1400	105335	205338.0	1.0	194.0	R	0.7	116.3	YY	0.2	20.0	15.6	1.7	1.5	0.7	13.0	5.7	111.3	RG	86.0	13.3	10.2	86.6	0.6	5.7	13.0	5.0
20230327_0700_1400	105336	205338.0	0.0	194.0	R	2.4	114.6	YY	0.3	1.7	1.5	4.2	3.9	2.4	13.0	5.7	111.3	RG	86.0	13.3	10.2	86.6	0.6	5.7	13.0	3.3
20230327_0700_1400	105358	205359.0	1.0	194.0	R	2.5	102.0	YY	0.4	37.5	36.9	10.2	9.8	2.5	9.0	8.7	95.8	RG	77.7	28.2	26.4	77.8	0.1	8.7	9.0	6.2
20230327_0700_1400	105371	205372.0	1.0	194.0	R	102.7	1.8	GG	0.7	6.9	6.6	16.1	15.4	-1.8	9.0	3.5	112.6	YR	1.2	8.3	7.5	18.6	17.4	3.5	20.0	5.3
20230327_0700_1400	105401	205409.0	0.0	194.0	R	111.3	4.8	GG	0.3	4.7	4.4	1.8	1.5	-4.8	20.0	1.4	115.6	YY	0.9	1.9	1.0	6.1	5.2	1.4	47.0	6.2
20230327_0700_1400	105401	205406.0	1.0	194.0	R	111.3	4.8	GG	0.3	4.7	4.4	1.8	1.5	-4.8	20.0	115.6	0.5	GY	0.9	4.5	3.6	1.9	1.0	-0.5	20.0	4.3
20230327_0700_1400	105401	205414.0	0.0	194.0	R	111.3	4.8	GG	0.3	4.7	4.4	1.8	1.5	-4.8	20.0	7.5	109.5	RG	77.6	6.1	5.2	77.8	0.2	7.5	47.0	12.3
20230327_0700_1400	105402	205407.0	1.0	194.0	L	112.2	3.9	GG	0.7	2.7	2.3	12.0	11.3	-3.9	20.0	0.6	116.4	YY	1.0	3.1	2.3	17.2	16.2	0.6	47.0	4.5
20230327_0700_1400	105403	205414.0	0.0	194.0	R	113.1	3.0	GG	0.4	1.8	1.5	4.6	4.2	-3.0	20.0	7.5	109.5	RG	77.6	6.1	5.2	77.8	0.2	7.5	47.0	10.5
20230327_0700_1400	105403	205409.0	1.0	194.0	R	113.1	3.0	GG	0.4	1.8	1.5	4.6	4.2	-3.0	20.0	1.4	115.6	YY	0.9	1.9	1.0	6.1	5.2	1.4	47.0	4.4
20230327_0700_1400	105403	205406.0	0.0	194.0	R	113.1	3.0	GG	0.4	1.8	1.5	4.6	4.2	-3.0	20.0	115.6	0.5	GY	0.9	4.5	3.6	1.9	1.0	-0.5	20.0	2.5
20230327_0700_1400	105404	205413.0	0.0	194.0	M	113.5	2.6	GG	0.6	7.1	6.7	3.5	2.9	-2.6	20.0	6.5	110.5	RG	77.9	4.7	3.7	80.0	2.1	6.5	47.0	9.1
20230327_0700_1400	105404	205411.0	1.0	194.0	M	113.5	2.6	GG	0.6	7.1	6.7	3.5	2.9	-2.6	20.0	1.8	115.2	YY	1.0	7.1	6.3	4.7	3.7	1.8	47.0	4.4
20230327_0700_1400	105408	205413.0	1.0	194.0	M	0.9	116.1	YY	0.3	3.5	2.9	1.5	1.2	0.9	47.0	6.5	110.5	RG	77.9	4.7	3.7	80.0	2.1	6.5	47.0	5.6
20230327_0700_1400	105410	205414.0	1.0	194.0	R	1.6	115.4	YY	0.4	4.6	4.2	13.7	13.3	1.6	47.0	7.5	109.5	RG	77.6	6.1	5.2	77.8	0.2	7.5	47.0	5.9
20230327_0700_1400	105412	205413.0	0.0	194.0	M	2.4	114.6	YY	0.4	1.5	1.2	9.1	8.7	2.4	47.0	6.5	110.5	RG	77.9	4.7	3.7	80.0	2.1	6.5	47.0	4.1
20230327_0700_1400	105486	205493.0	1.0	194.0	R	111.4	5.6	GG	0.4	6.4	5.8	68.1	67.7	-5.6	47.0	116.7	0.3	GY	0.9	3.8	2.5	69.9	69.0	-0.3	47.0	5.3
20230327_0700_1400	105488	205496.0	0.0	194.0	L	112.3	4.7	GG	0.5	2.5	2.0	1.8	1.3	-4.7	47.0	2.0	115.0	YY	0.8	4.3	3.3	44.3	43.5	2.0	43.0	6.7
20230327_0700_1400	105491	205496.0	1.0	194.0	L	114.1	2.9	GG	1.5	1.8	1.3	4.6	3.1	-2.9	47.0	2.0	115.0	YY	0.8	4.3	3.3	44.3	43.5	2.0	43.0	4.9
20230327_0700_1400	105564	205571.0	0.0	243.0	M	111.5	5.5	GG	0.5	5.6	5.1	1.5	1.0	-5.5	43.0	0.1	102.2	YY	1.0	4.7	3.6	8.3	7.3	0.1	25.0	5.6
20230327_0700_1400	105566	205578.0	0.0	243.0	M	113.0	4.0	GG	0.4	1.5	1.0	5.7	5.3	-4.0	43.0	8.4	93.9	RG	68.3	8.3	7.3	69.7	1.4	8.4	25.0	12.4
20230327_0700_1400	105566	205571.0	1.0	243.0	M	113.0	4.0	GG	0.4	1.5	1.0	5.7	5.3	-4.0	43.0	0.1	102.2	YY	1.0	4.7	3.6	8.3	7.3	0.1	25.0	4.1
20230327_0700_1400	105570	205576.0	1.0	243.0	R	116.6	0.4	GY	0.4	6.5	5.8	2.2	1.8	-0.4	43.0	6.4	95.9	RG	73.9	6.0	4.9	76.7	2.8	6.4	25.0	6.8
20230327_0700_1400	105574	205578.0	1.0	243.0	M	1.7	100.6	YY	0.4	5.7	5.3	50.3	49.9	1.7	25.0	8.4	93.9	RG	68.3	8.3	7.3	69.7	1.4	8.4	25.0	6.7
20230327_0700_1400	105575	205576.0	0.0	243.0	R	1.8	100.5	YY	0.2	2.2	1.8	17.5	17.3	1.8	25.0	6.4	95.9	RG	73.9	6.0	4.9	76.7	2.8	6.4	25.0	4.6
20230327_0700_1400	105616	205618.0	1.0	243.0	R	100.8	1.5	GG	0.3	5.2	4.4	17.9	17.6	-1.5	25.0	3.0	102.0	YR	0.8	3.2	2.2	19.6	18.8	3.0	21.0	4.5
20230327_0700_1400	105682	205683.0	1.0	243.0	R	94.8	5.2	GG	1.2	39.8	39.1	11.0	9.8	-5.2	17.0	3.0	92.0	YG	55.6	19.9	18.6	55.9	0.3	3.0	33.0	8.2
20230327_0700_1400	105741	205743.0	1.0	243.0	L	93.2	1.8	GG	0.6	21.0	20.6	22.3	21.7	-1.8	33.0	3.0	102.0	YR	0.9	20.3	19.3	30.1	29.2	3.0	34.0	4.8
20230327_0700_1400	105742	205744.0	1.0	243.0	R	1.9	103.1	YY	0.4	22.0	21.3	19.0	18.6	1.9	34.0	8.3	96.7	RG	55.9	21.5	20.2	56.6	0.7	8.3	34.0	6.4
20230327_0700_1400	105803	205804.0	1.0	243.0	L	104.8	0.2	GY	0.3	31.0	29.8	30.9	30.6	-0.2	34.0	5.1	89.9	RG	66.5	28.5	27.4	68.7	2.2	5.1	33.0	5.3
20230327_0700_1400	105912	205913.0	1.0	243.0	M	96.1	3.9	GG	0.3	7.5	6.9	38.4	38.1	-3.9	29.0	0.7	99.3	YY	1.0	5.9	4.7	41.8	40.8	0.7	16.0	4.6
20230327_0700_1400	105941	205944.0	1.0	243.0	R	95.7	4.3	GG	0.4	11.7	10.9	8.7	8.3	-4.3	16.0	0.7	99.3	YY	1.0	7.9	6.6	11.4	10.4	0.7	33.0	5.0
20230327_0700_1400	106081	206086.0	0.0	243.0	R	95.1	4.9	GG	1.0	2.8	1.9	2.1	1.1	-4.9	35.0	99.0	1.0	GY	1.2	2.3	0.8	1.8	0.6	-1.0	35.0	3.9
20230327_0700_1400	106081	206089.0	0.0	243.0	R	95.1	4.9	GG	1.0	2.8	1.9	2.1	1.1	-4.9	35.0	4.4	95.6	RG	75.3	3.6	2.3	75.5	0.2	4.4	29.0	9.3
20230327_0700_1400	106081	206088.0	1.0	243.0	R	95.1	4.9	GG	1.0	2.8	1.9	2.1	1.1	-4.9	35.0	0.8	99.2	YY	1.3	1.8	0.6	3.6	2.3	0.8	29.0	5.7
20230327_0700_1400	106085	206088.0	0.0	243.0	R	97.2	2.8	GG	0.8	2.1	1.1	35.1	34.3	-2.8	35.0	0.8	99.2	YY	1.3	1.8	0.6	3.6	2.3	0.8	29.0	3.6
20230327_0700_1400	106085	206089.0	1.0	243.0	R	97.2	2.8	GG	0.8	2.1	1.1	35.1	34.3	-2.8	35.0	4.4	95.6	RG	75.3	3.6	2.3	75.5	0.2	4.4	29.0	7.2
20230327_0700_1400	106187	206192.0	1.0	243.0	L	95.8	4.2	GG	0.8	4.6	3.7	23.6	22.8	-4.2	30.0	3.5	96.5	YG	71.4	6.2	5.1	73.2	1.8	3.5	21.0	7.7
20230327_0700_1400	106227	206231.0	1.0	243.0	R	0.6	99.4	YY	0.4	21.1	20.5	28.8	28.4	0.6	28.0	8.1	91.9	RG	56.3	19.3	17.8	56.5	0.2	8.1	28.0	7.5
20230327_0700_1400	106229	206233.0	1.0	243.0	M	3.0	97.0	YY	0.2	25.7	24.8	27.9	27.7	3.0	28.0	10.0	90.0	RG	53.7	20.8	19.2	54.1	0.4	10.0	28.0	7.0
20230327_0700_1400	106271	206273.0	1.0	243.0	L	94.7	5.3	GG	0.5	4.7	4.0	45.8	45.3	-5.3	28.0	99.3	0.7	GY	0.9	4.9	4.1	47.6	46.7	-0.7	28.0	4.6
20230327_0700_1400	106272	206274.0	1.0	243.0	M	96.5	3.5	GG	0.3	9.1	8.8	26.1	25.8	-3.5	28.0	0.7	99.3	YY	0.8	9.4	8.6	30.0	29.2	0.7	20.0	4.2
20230327_0700_1400	106275	206277.0	1.0	243.0	R	1.9	98.1	YY	0.4	15.1	14.8	6.6	6.2	1.9	20.0	9.4	90.6	RG	57.4	18.5	17.8	59.4	2.0	9.4	20.0	7.5
20230327_0700_1400	106359	206368.0	1.0	243.0	L	2.2	97.8	YY	1.0	46.1	45.0	2.2	1.2	2.2	40.0	9.6	90.4	RG	65.0	23.7	22.5	65.5	0.5	9.6	40.0	7.4
20230327_0700_1400	106360	206367.0	1.0	243.0	M	2.3	97.7	YY	0.4	24.0	23.3	2.1	1.7	2.3	40.0	9.5	90.5	RG	68.0	22.8	21.7	68.3	0.3	9.5	40.0	7.2
20230327_0700_1400	106361	206366.0	1.0	243.0	R	3.2	96.8	YY	0.3	14.9	14.5	2.8	2.5	3.2	40.0	9.1	90.9	RG	67.1	14.4	13.2	67.5	0.4	9.1	40.0	5.9
20230327_0700_1400	106409	206422.0	1.0	215.0	L	94.0	6.0	GG	0.6	4.1	2.8	3.1	2.5	-6.0	40.0	0.3	99.7	YY	1.2	3.0	1.7	3.9	2.7	0.3	17.0	6.3
20230327_0700_1400	106409	206426.0	0.0	215.0	L	94.0	6.0	GG	0.6	4.1	2.8	3.1	2.5	-6.0	40.0	4.2	95.8	RG	71.7	3.9	2.7	72.3	0.6	4.2	17.0	10.2
20230327_0700_1400	106410	206424.0	1.0	215.0	R	94.3	5.7	GG	1.3	3.9	3.2	2.8	1.5	-5.7	40.0	1.4	98.6	YY	2.0	3.3	1.9	3.7	1.7	1.4	17.0	7.1
20230327_0700_1400	106410	206428.0	0.0	215.0	R	94.3	5.7	GG	1.3	3.9	3.2	2.8	1.5	-5.7	40.0	5.1	94.9	RG	69.1	3.7	1.7	70.2	1.1	5.1	17.0	10.8
20230327_0700_1400	106414	206428.0	1.0	215.0	R	97.1	2.9	GG	0.5	2.8	1.5	2.5	2.0	-2.9	40.0	5.1	94.9	RG	69.1	3.7	1.7	70.2	1.1	5.1	17.0	8.0
20230327_0700_1400	106414	206424.0	0.0	215.0	R	97.1	2.9	GG	0.5	2.8	1.5	2.5	2.0	-2.9	40.0	1.4	98.6	YY	2.0	3.3	1.9	3.7	1.7	1.4	17.0	4.3
20230327_0700_1400	106415	206422.0	0.0	215.0	L	97.1	2.9	GG	0.6	3.1	2.5	2.2	1.6	-2.9	40.0	0.3	99.7	YY	1.2	3.0	1.7	3.9	2.7	0.3	17.0	3.2
20230327_0700_1400	106415	206426.0	1.0	215.0	L	97.1	2.9	GG	0.6	3.1	2.5	2.2	1.6	-2.9	40.0	4.2	95.8	RG	71.7	3.9	2.7	72.3	0.6	4.2	17.0	7.1
20230327_0700_1400	106418	206425.0	1.0	215.0	M	98.1	1.9	GG	0.3	8.3	7.6	8.6	8.3	-1.9	40.0	2.6	97.4	YY	0.8	6.5	5.4	10.8	10.0	2.6	17.0	4.5
20230327_0700_1400	106420	206426.0	0.0	215.0	L	99.3	0.7	GY	0.9	2.2	1.6	10.8	9.9	-0.7	40.0	4.2	95.8	RG	71.7	3.9	2.7	72.3	0.6	4.2	17.0	4.9
20230327_0700_1400	106421	206428.0	0.0	215.0	R	99.6	0.4	GY	0.6	2.5	2.0	5.3	4.7	-0.4	40.0	5.1	94.9	RG	69.1	3.7	1.7	70.2	1.1	5.1	17.0	5.5
20230327_0700_1400	106500	206502.0	1.0	215.0	R	96.6	3.4	GG	0.3	33.9	32.5	8.9	8.6	-3.4	28.0	0.1	99.9	YY	0.7	21.0	19.7	11.9	11.2	0.1	23.0	3.5
20230327_0700_1400	106735	206736.0	1.0	215.0	R	98.8	1.2	GG	0.3	11.7	11.4	34.3	34.0	-1.2	30.0	2.6	97.4	YY	0.8	10.8	9.7	37.8	37.0	2.6	16.0	3.8
20230327_0700_1400	106763	206764.0	1.0	215.0	M	98.7	1.3	GG	0.4	7.2	6.7	24.4	24.0	-1.3	16.0	4.2	95.8	RG	59.8	7.7	6.7	60.4	0.6	4.2	29.0	5.5
20230327_0700_1400	106911	206912.0	1.0	243.0	R	91.6	5.5	GG	0.5	13.2	12.9	51.9	51.4	-5.5	18.0	0.6	99.4	YY	1.2	14.1	13.1	53.2	52.0	0.6	24.0	6.1
20230327_0700_1400	106958	206961.0	1.0	243.0	M	1.7	98.3	YY	0.2	9.9	9.5	4.1	3.9	1.7	26.0	8.5	91.5	RG	68.5	11.6	10.6	68.9	0.4	8.5	26.0	6.8
20230327_0700_1400	107060	207064.0	0.0	243.0	R	95.1	4.9	GG	0.6	2.4	1.6	24.8	24.2	-4.9	33.0	3.0	97.0	YG	70.1	2.0	0.5	70.6	0.5	3.0	21.0	7.9
20230327_0700_1400	107060	207063.0	1.0	243.0	R	95.1	4.9	GG	0.6	2.4	1.6	24.8	24.2	-4.9	33.0	1.0	99.0	YY	1.5	3.6	2.0	2.0	0.5	1.0	21.0	5.9
20230327_0700_1400	107100	207103.0	1.0	243.0	R	98.2	1.8	GG	0.4	24.3	24.0	27.6	27.2	-1.8	21.0	2.7	97.3	YY	0.9	23.9	22.9	29.3	28.4	2.7	22.0	4.5
20230327_0700_1400	107101	207106.0	0.0	243.0	M	99.6	0.4	GG	0.3	23.0	22.2	1.9	1.6	-0.4	21.0	8.2	91.8	RG	64.4	4.6	3.8	67.1	2.7	8.2	22.0	8.6
20230327_0700_1400	107101	207104.0	1.0	243.0	M	99.6	0.4	GG	0.3	23.0	22.2	1.9	1.6	-0.4	21.0	3.6	96.4	YR	0.8	8.5	7.1	4.6	3.8	3.6	22.0	4.0
20230327_0700_1400	107102	207106.0	1.0	243.0	M	1.5	98.5	YY	0.3	1.9	1.6	27.4	27.1	1.5	22.0	8.2	91.8	RG	64.4	4.6	3.8	67.1	2.7	8.2	22.0	6.7
20230327_0700_1400	107199	207206.0	0.0	243.0	R	94.8	5.2	GG	0.4	10.4	9.0	3.7	3.3	-5.2	38.0	2.7	102.3	YR	0.9	2.6	1.6	30.8	29.9	2.7	27.0	7.9
20230327_0700_1400	107199	207203.0	1.0	243.0	R	94.8	5.2	GG	0.4	10.4	9.0	3.7	3.3	-5.2	38.0	0.1	104.9	YY	1.0	6.1	4.9	2.6	1.6	0.1	27.0	5.3
20230327_0700_1400	107200	207207.0	1.0	243.0	L	95.9	4.1	GG	0.7	2.2	1.5	28.3	27.6	-4.1	38.0	3.5	101.5	YG	73.1	10.7	9.5	75.5	2.4	3.5	27.0	7.6
20230327_0700_1400	107202	207206.0	1.0	243.0	R	98.5	1.5	GG	0.3	3.7	3.3	28.4	28.1	-1.5	38.0	2.7	102.3	YR	0.9	2.6	1.6	30.8	29.9	2.7	27.0	4.2
20230327_0700_1400	107205	207209.0	1.0	243.0	M	2.2	102.8	YY	0.4	9.2	8.8	20.1	19.7	2.2	27.0	8.3	96.7	RG	70.3	9.9	8.9	71.1	0.8	8.3	27.0	6.1
20230327_0700_1400	107255	207256.0	1.0	246.0	R	100.9	4.1	GG	0.4	30.1	28.8	12.9	12.5	-4.1	27.0	0.5	94.5	YY	0.8	13.5	12.3	15.8	15.0	0.5	31.0	4.6
20230327_0700_1400	107306	207310.0	0.0	246.0	R	91.5	3.5	GG	0.9	2.7	1.9	5.5	4.6	-3.5	31.0	6.3	93.7	RG	70.1	4.6	3.1	70.5	0.4	6.3	23.0	9.8
20230327_0700_1400	107306	207307.0	0.0	246.0	R	91.5	3.5	GG	0.9	2.7	1.9	5.5	4.6	-3.5	31.0	94.2	0.8	GY	1.8	3.7	0.3	2.5	0.7	-0.8	31.0	2.7
20230327_0700_1400	107306	207308.0	1.0	246.0	R	91.5	3.5	GG	0.9	2.7	1.9	5.5	4.6	-3.5	31.0	1.7	98.3	YY	1.5	2.5	0.7	4.6	3.1	1.7	23.0	5.2
20230327_0700_1400	107309	207310.0	0.0	246.0	R	2.0	98.0	YY	0.5	5.5	4.6	49.2	48.7	2.0	23.0	6.3	93.7	RG	70.1	4.6	3.1	70.5	0.4	6.3	23.0	4.3
20230327_0700_1400	107488	207490.0	1.0	246.0	L	94.9	5.1	GG	0.5	2.0	1.4	2.4	1.9	-5.1	32.0	98.9	1.1	GY	1.2	8.2	7.3	1.4	0.2	-1.1	32.0	4.0
20230327_0700_1400	107488	207491.0	0.0	246.0	L	94.9	5.1	GG	0.5	2.0	1.4	2.4	1.9	-5.1	32.0	0.3	99.7	YY	1.0	1.4	0.2	31.4	30.4	0.3	37.0	5.4
20230327_0700_1400	107489	207491.0	1.0	246.0	L	97.3	2.7	GG	0.4	2.4	1.9	16.0	15.6	-2.7	32.0	0.3	99.7	YY	1.0	1.4	0.2	31.4	30.4	0.3	37.0	3.0
20230327_0700_1400	107493	207495.0	1.0	246.0	R	2.9	97.1	YY	0.4	22.2	21.7	46.7	46.3	2.9	37.0	10.6	89.4	RG	68.6	24.4	23.3	69.0	0.4	10.6	37.0	7.7
20230327_0700_1400	107842	207843.0	1.0	258.0	R	97.8	2.2	GG	0.4	9.8	7.6	41.2	40.8	-2.2	32.0	2.7	97.3	YR	0.9	5.1	2.5	42.6	41.7	2.7	36.0	4.9
20230327_0700_1400	107959	207963.0	1.0	258.0	M	94.1	5.9	GG	0.5	5.7	5.3	7.4	6.9	-5.9	30.0	99.6	0.4	GY	1.0	5.6	4.6	8.2	7.2	-0.4	30.0	5.5
20230327_0700_1400	107965	207969.0	1.0	258.0	R	0.4	99.6	YY	0.4	6.7	6.3	46.4	46.0	0.4	28.0	6.5	93.5	RG	66.0	5.1	3.6	66.6	0.6	6.5	28.0	6.1
20230327_0700_1400	107967	207970.0	1.0	258.0	M	1.5	98.5	YY	0.3	7.4	6.9	3.3	3.0	1.5	28.0	7.8	92.2	RG	62.4	8.2	7.2	63.6	1.2	7.8	28.0	6.3
20230327_0700_1400	108066	208069.0	1.0	258.0	L	3.5	96.5	YR	1.0	6.1	5.5	33.5	32.5	3.5	27.0	10.6	89.4	RG	66.7	13.5	12.6	66.9	0.2	10.6	27.0	7.1
20230327_0700_1400	108160	208163.0	1.0	258.0	R	95.8	4.2	GG	0.4	16.9	12.7	40.6	40.2	-4.2	26.0	0.7	99.3	YY	1.0	6.9	5.6	46.0	45.0	0.7	26.0	4.9
20230327_0700_1400	108161	208165.0	1.0	258.0	L	98.7	1.3	GG	0.5	14.2	12.8	1.9	1.4	-1.3	26.0	6.8	93.2	RG	68.1	13.8	12.7	69.2	1.1	6.8	26.0	8.1
20230327_0700_1400	108162	208165.0	0.0	258.0	L	0.6	99.4	YY	0.5	1.9	1.4	18.7	18.2	0.6	26.0	6.8	93.2	RG	68.1	13.8	12.7	69.2	1.1	6.8	26.0	6.2
20230327_0700_1400	108294	208295.0	1.0	259.0	R	96.1	3.9	GG	0.4	5.2	4.9	20.1	19.7	-3.9	19.0	0.8	99.2	YY	1.0	5.2	4.3	40.7	39.7	0.8	28.0	4.7
20230327_0700_1400	108341	208343.0	1.0	259.0	R	95.0	5.0	GG	0.3	6.9	6.5	21.1	20.8	-5.0	28.0	99.6	0.4	GY	0.9	5.6	4.5	24.5	23.6	-0.4	28.0	4.6
20230327_0700_1400	108344	208345.0	1.0	259.0	L	2.8	97.2	YY	0.6	11.0	10.5	15.5	14.9	2.8	41.0	10.6	89.4	RG	68.1	13.3	12.2	69.4	1.3	10.6	41.0	7.8
20230327_0700_1400	108404	208412.0	1.0	259.0	L	94.0	6.0	GG	0.5	1.5	0.9	17.2	16.7	-6.0	41.0	99.5	0.5	GY	0.9	7.7	6.5	17.9	17.0	-0.5	41.0	5.5
20230327_0700_1400	108406	208414.0	1.0	259.0	M	94.4	5.6	GG	2.7	3.3	2.6	37.2	34.5	-5.6	41.0	2.7	97.3	YR	2.0	5.1	4.0	36.4	34.4	2.7	31.0	8.3
20230327_0700_1400	108530	208531.0	1.0	259.0	R	98.7	1.3	GG	0.3	21.3	20.9	43.8	43.5	-1.3	34.0	4.1	59.0	RR	1.4	21.2	20.0	43.5	42.1	4.1	11.0	5.4
20230327_0700_1400	108549	208554.0	1.0	259.0	R	0.9	115.2	YY	0.5	11.2	10.8	20.1	19.6	0.9	33.0	8.7	107.4	RG	76.1	14.1	13.1	76.6	0.5	8.7	33.0	7.8
20230327_0700_1400	108552	208553.0	1.0	259.0	L	3.1	113.0	YR	0.7	10.3	9.0	15.5	14.8	3.1	33.0	7.2	108.9	RG	79.7	4.7	3.6	81.5	1.8	7.2	33.0	4.1
20230327_0700_1400	108612	208616.0	1.0	259.0	M	0.4	116.6	YY	0.3	44.0	42.9	4.5	4.2	0.4	46.0	5.6	111.4	RG	81.2	20.9	19.5	81.9	0.7	5.6	46.0	5.2
20230327_0700_1400	108613	208620.0	1.0	259.0	R	2.3	114.7	YY	0.4	15.8	14.2	2.1	1.7	2.3	46.0	8.6	108.4	RG	79.0	10.2	9.0	80.9	1.9	8.6	46.0	6.3
20230327_0700_1400	108685	208690.0	0.0	226.0	L	113.1	3.9	GG	0.7	2.7	2.1	2.8	2.1	-3.9	46.0	5.9	97.9	RG	74.5	4.0	3.0	74.8	0.3	5.9	19.0	9.8
20230327_0700_1400	108685	208688.0	0.0	226.0	L	113.1	3.9	GG	0.7	2.7	2.1	2.8	2.1	-3.9	46.0	116.6	0.4	GY	1.1	3.4	2.3	2.3	1.2	-0.4	46.0	3.5
20230327_0700_1400	108685	208689.0	1.0	226.0	L	113.1	3.9	GG	0.7	2.7	2.1	2.8	2.1	-3.9	46.0	1.9	101.9	YY	1.0	2.3	1.2	4.0	3.0	1.9	19.0	5.8
20230327_0700_1400	108687	208689.0	0.0	226.0	L	115.9	1.1	GG	0.6	2.8	2.1	20.1	19.5	-1.1	46.0	1.9	101.9	YY	1.0	2.3	1.2	4.0	3.0	1.9	19.0	3.0
20230327_0700_1400	108687	208690.0	1.0	226.0	L	115.9	1.1	GG	0.6	2.8	2.1	20.1	19.5	-1.1	46.0	5.9	97.9	RG	74.5	4.0	3.0	74.8	0.3	5.9	19.0	7.0
20230327_0700_1400	108779	208790.0	0.0	226.0	R	96.6	3.4	GG	1.0	3.3	1.9	3.0	2.0	-3.4	36.0	9.2	90.8	RG	53.0	7.2	6.2	54.0	1.0	9.2	35.0	12.6
20230327_0700_1400	108779	208786.0	1.0	226.0	R	96.6	3.4	GG	1.0	3.3	1.9	3.0	2.0	-3.4	36.0	2.0	98.0	YY	1.0	3.1	2.0	7.2	6.2	2.0	35.0	5.4
20230327_0700_1400	108782	208787.0	1.0	226.0	M	99.2	0.8	GG	0.5	10.1	9.6	47.5	47.0	-0.8	36.0	5.1	94.9	RG	60.4	9.9	8.9	62.3	1.9	5.1	35.0	5.9
20230327_0700_1400	108783	208790.0	1.0	226.0	R	99.6	0.4	GY	0.9	3.0	2.0	6.6	5.7	-0.4	36.0	9.2	90.8	RG	53.0	7.2	6.2	54.0	1.0	9.2	35.0	9.6
20230327_0700_1400	108932	208936.0	0.0	226.0	M	94.1	5.9	GG	0.3	8.9	8.4	4.3	4.0	-5.9	28.0	2.8	97.2	YR	0.9	4.7	3.9	30.6	29.7	2.8	18.0	8.7
20230327_0700_1400	108935	208936.0	1.0	226.0	M	98.4	1.6	GG	0.4	4.3	4.0	26.2	25.8	-1.6	28.0	2.8	97.2	YR	0.9	4.7	3.9	30.6	29.7	2.8	18.0	4.4
20230327_0700_1400	108937	208940.0	1.0	226.0	L	3.1	96.9	YY	0.3	12.0	11.7	8.1	7.8	3.1	18.0	9.9	90.1	RG	67.1	14.9	14.1	75.3	8.2	9.9	18.0	6.8
20230327_0700_1400	108967	208968.0	1.0	226.0	M	98.6	1.4	GG	0.3	13.0	12.2	24.7	24.4	-1.4	18.0	3.1	96.9	YR	0.8	12.1	10.9	32.4	31.6	3.1	29.0	4.5
20230327_0700_1400	109018	209020.0	1.0	226.0	M	98.0	2.0	GG	0.3	4.2	3.8	31.5	31.2	-2.0	29.0	1.8	98.2	YY	0.8	3.8	3.0	36.8	36.0	1.8	25.0	3.8
20230327_0700_1400	109149	209151.0	1.0	209.0	R	101.0	4.0	GG	0.3	19.8	17.8	15.8	15.5	-4.0	25.0	0.2	94.8	YY	1.0	17.5	15.7	19.8	18.8	0.2	24.0	4.2
20230327_0700_1400	109225	209227.0	1.0	209.0	R	1.4	98.6	YY	0.3	27.8	27.3	25.1	24.8	1.4	41.0	7.6	92.4	RG	75.4	22.3	20.8	75.6	0.2	7.6	41.0	6.2
20230327_0700_1400	109285	209297.0	1.0	209.0	M	96.2	3.8	GG	0.5	7.6	5.5	3.8	3.3	-3.8	41.0	2.4	97.6	YY	1.0	4.5	3.4	4.3	3.3	2.4	13.0	6.2
20230327_0700_1400	109285	209299.0	0.0	209.0	M	96.2	3.8	GG	0.5	7.6	5.5	3.8	3.3	-3.8	41.0	6.7	93.3	RG	55.5	4.3	3.3	57.6	2.1	6.7	13.0	10.5
20230327_0700_1400	109290	209298.0	1.0	209.0	L	97.7	2.3	GG	0.5	5.7	4.5	25.6	25.1	-2.3	41.0	3.1	96.9	YR	1.0	3.9	2.7	28.9	27.9	3.1	13.0	5.4
20230327_0700_1400	109292	209295.0	0.0	209.0	R	98.5	1.5	GG	0.7	4.9	3.7	3.5	2.8	-1.5	41.0	1.7	98.3	YY	1.1	4.2	3.2	5.1	4.0	1.7	13.0	3.2
20230327_0700_1400	109292	209300.0	1.0	209.0	R	98.5	1.5	GG	0.7	4.9	3.7	3.5	2.8	-1.5	41.0	6.8	93.2	RG	61.1	5.1	4.0	62.6	1.5	6.8	13.0	8.3
20230327_0700_1400	109294	209299.0	1.0	209.0	M	0.0	100.0	YY	0.4	3.8	3.3	16.4	16.0	0.0	13.0	6.7	93.3	RG	55.5	4.3	3.3	57.6	2.1	6.7	13.0	6.7
20230327_0700_1400	109296	209300.0	0.0	209.0	R	2.0	98.0	YR	2.1	3.5	2.8	60.6	58.5	2.0	13.0	6.8	93.2	RG	61.1	5.1	4.0	62.6	1.5	6.8	13.0	4.8
20230327_0700_1400	109427	209437.0	0.0	209.0	L	95.4	4.6	GG	1.4	2.5	1.5	2.4	1.0	-4.6	35.0	5.8	94.2	RG	66.0	2.8	1.8	66.2	0.2	5.8	18.0	10.4
20230327_0700_1400	109427	209434.0	1.0	209.0	L	95.4	4.6	GG	1.4	2.5	1.5	2.4	1.0	-4.6	35.0	3.0	97.0	YR	1.0	2.2	1.1	2.8	1.8	3.0	18.0	7.6
20230327_0700_1400	109427	209433.0	0.0	209.0	L	95.4	4.6	GG	1.4	2.5	1.5	2.4	1.0	-4.6	35.0	0.8	99.2	YY	1.1	2.0	0.9	2.2	1.1	0.8	18.0	5.4
20230327_0700_1400	109428	209435.0	1.0	209.0	R	95.7	4.3	GG	0.9	6.8	5.5	57.9	57.0	-4.3	35.0	3.2	96.8	YR	1.2	4.7	3.4	20.1	18.9	3.2	18.0	7.5
20230327_0700_1400	109430	209433.0	0.0	209.0	L	97.8	2.2	GG	1.0	2.4	1.0	5.6	4.6	-2.2	35.0	0.8	99.2	YY	1.1	2.0	0.9	2.2	1.1	0.8	18.0	3.0
20230327_0700_1400	109430	209437.0	1.0	209.0	L	97.8	2.2	GG	1.0	2.4	1.0	5.6	4.6	-2.2	35.0	5.8	94.2	RG	66.0	2.8	1.8	66.2	0.2	5.8	18.0	8.0
20230327_0700_1400	109430	209434.0	0.0	209.0	L	97.8	2.2	GG	1.0	2.4	1.0	5.6	4.6	-2.2	35.0	3.0	97.0	YR	1.0	2.2	1.1	2.8	1.8	3.0	18.0	5.2
20230327_0700_1400	109531	209532.0	1.0	222.0	R	96.1	3.9	GG	0.4	13.0	11.7	58.6	58.2	-3.9	31.0	0.6	99.4	YY	0.8	7.3	4.5	8.2	7.4	0.6	29.0	4.5
20230327_0700_1400	109531	209536.0	0.0	222.0	R	96.1	3.9	GG	0.4	13.0	11.7	58.6	58.2	-3.9	31.0	8.8	91.2	RG	71.7	8.2	7.4	71.9	0.2	8.8	29.0	12.7
20230327_0700_1400	109534	209537.0	1.0	222.0	L	2.8	97.2	YY	0.5	40.4	37.7	5.6	5.1	2.8	29.0	11.2	88.8	RG	65.6	22.3	21.0	67.9	2.3	11.2	29.0	8.4
20230327_0700_1400	109633	209634.0	1.0	222.0	M	1.7	98.3	YY	0.3	23.6	23.1	51.8	51.5	1.7	28.0	8.4	91.6	RG	66.6	8.4	7.6	67.0	0.4	8.4	28.0	6.7
20230327_0700_1400	109716	209718.0	1.0	222.0	R	94.2	5.8	GG	0.4	6.9	6.5	14.2	13.8	-5.8	22.0	99.1	0.9	GY	1.0	5.5	4.3	18.0	17.0	-0.9	22.0	4.9
20230327_0700_1400	109814	209819.0	0.0	222.0	R	94.2	5.8	GG	0.4	18.8	18.5	4.0	3.6	-5.8	28.0	1.9	98.1	YY	0.7	3.4	2.6	33.2	32.5	1.9	18.0	7.7
20230327_0700_1400	109815	209818.0	1.0	222.0	M	94.6	5.4	GG	0.3	25.9	25.1	44.8	44.5	-5.4	28.0	99.7	0.3	GY	1.0	22.3	21.1	48.1	47.1	-0.3	28.0	5.1
20230327_0700_1400	109816	209819.0	1.0	222.0	R	98.2	1.8	GG	0.3	4.0	3.6	28.7	28.4	-1.8	28.0	1.9	98.1	YY	0.7	3.4	2.6	33.2	32.5	1.9	18.0	3.7
20230327_0700_1400	109850	209854.0	0.0	222.0	R	95.2	4.8	GG	0.4	10.9	10.3	2.0	1.6	-4.8	18.0	1.8	98.2	YY	0.9	2.0	1.1	29.9	29.0	1.8	33.0	6.6
20230327_0700_1400	109850	209852.0	1.0	222.0	R	95.2	4.8	GG	0.4	10.9	10.3	2.0	1.6	-4.8	18.0	99.8	0.2	GY	0.9	8.0	6.8	2.0	1.1	-0.2	18.0	4.6
20230327_0700_1400	109851	209854.0	1.0	222.0	R	97.2	2.8	GG	0.4	2.0	1.6	27.8	27.4	-2.8	18.0	1.8	98.2	YY	0.9	2.0	1.1	29.9	29.0	1.8	33.0	4.6
20230327_0700_1400	109851	209852.0	0.0	222.0	R	97.2	2.8	GG	0.4	2.0	1.6	27.8	27.4	-2.8	18.0	99.8	0.2	GY	0.9	8.0	6.8	2.0	1.1	-0.2	18.0	2.6
20230327_0700_1400	109853	209855.0	1.0	222.0	L	0.6	99.4	YY	0.3	30.7	30.4	41.8	41.5	0.6	33.0	6.0	94.0	RG	71.7	30.1	29.2	74.8	3.1	6.0	33.0	5.4
20230327_0700_1400	109908	209915.0	0.0	276.0	R	95.3	4.7	GG	0.7	2.9	2.3	21.3	20.6	-4.7	33.0	8.0	92.0	RG	71.8	6.1	4.8	74.3	2.5	8.0	44.0	12.7
20230327_0700_1400	109908	209913.0	0.0	276.0	R	95.3	4.7	GG	0.7	2.9	2.3	21.3	20.6	-4.7	33.0	99.5	0.5	GY	1.3	1.5	0.1	2.4	1.1	-0.5	33.0	4.2
20230327_0700_1400	109908	209914.0	1.0	276.0	R	95.3	4.7	GG	0.7	2.9	2.3	21.3	20.6	-4.7	33.0	1.9	98.1	YY	1.3	2.4	1.1	6.1	4.8	1.9	44.0	6.6
20230327_0700_1400	110080	210081.0	1.0	276.0	M	99.5	0.5	GG	0.3	13.5	13.1	29.9	29.6	-0.5	23.0	5.1	94.9	RG	71.9	14.2	13.2	72.6	0.7	5.1	29.0	5.6
20230327_0700_1400	110134	210135.0	1.0	276.0	L	1.7	98.3	YY	0.4	7.5	6.8	36.3	35.9	1.7	27.0	10.0	90.0	RG	63.5	13.9	12.8	64.1	0.6	10.0	27.0	8.3
20230327_0700_1400	110337	210346.0	0.0	276.0	M	94.0	6.0	GG	0.4	6.4	6.0	10.0	9.6	-6.0	33.0	6.4	93.6	RR	0.3	7.7	6.7	20.5	20.2	6.4	29.0	12.4
20230327_0700_1400	110339	210342.0	1.0	276.0	R	96.2	3.8	GG	0.5	6.8	6.4	2.4	1.9	-3.8	33.0	2.3	97.7	YY	1.1	9.4	7.1	4.2	3.1	2.3	29.0	6.1
20230327_0700_1400	110339	210347.0	0.0	276.0	R	96.2	3.8	GG	0.5	6.8	6.4	2.4	1.9	-3.8	33.0	6.5	93.5	RG	70.2	4.2	3.1	71.0	0.8	6.5	29.0	10.3
20230327_0700_1400	110340	210342.0	0.0	276.0	R	98.6	1.4	GG	0.5	2.4	1.9	4.6	4.1	-1.4	33.0	2.3	97.7	YY	1.1	9.4	7.1	4.2	3.1	2.3	29.0	3.7
20230327_0700_1400	110340	210347.0	1.0	276.0	R	98.6	1.4	GG	0.5	2.4	1.9	4.6	4.1	-1.4	33.0	6.5	93.5	RG	70.2	4.2	3.1	71.0	0.8	6.5	29.0	7.9
20230327_0700_1400	110343	210347.0	0.0	276.0	R	3.2	96.8	YR	0.4	4.6	4.1	1.8	1.4	3.2	29.0	6.5	93.5	RG	70.2	4.2	3.1	71.0	0.8	6.5	29.0	3.3
20230327_0700_1400	110390	210392.0	1.0	256.0	R	1.1	98.9	YY	0.5	22.2	20.7	5.9	5.4	1.1	28.0	7.2	92.8	RG	53.9	16.6	14.1	55.9	2.0	7.2	28.0	6.1
20230327_0700_1400	110494	210495.0	1.0	256.0	R	96.4	3.6	GG	0.3	11.5	11.0	14.8	14.5	-3.6	32.0	0.6	99.4	YY	0.8	7.8	6.3	20.1	19.3	0.6	38.0	4.2
20230327_0700_1400	110496	210497.0	1.0	256.0	M	3.5	96.5	YR	0.4	16.0	15.4	19.0	18.6	3.5	38.0	9.3	90.7	RG	68.0	15.6	14.6	69.1	1.1	9.3	38.0	5.8
20230327_0700_1400	110554	210564.0	1.0	256.0	L	95.9	4.1	GG	0.9	4.8	2.4	15.7	14.8	-4.1	38.0	2.6	97.4	YR	1.1	3.4	1.9	16.8	15.7	2.6	20.0	6.7
20230327_0700_1400	110554	210560.0	0.0	256.0	L	95.9	4.1	GG	0.9	4.8	2.4	15.7	14.8	-4.1	38.0	99.2	0.8	GY	1.5	3.0	1.8	3.4	1.9	-0.8	38.0	3.3
20230327_0700_1400	110557	210563.0	1.0	256.0	M	96.5	3.5	GG	0.5	5.3	4.9	5.8	5.3	-3.5	38.0	2.6	97.4	YR	1.0	6.1	5.1	8.5	7.5	2.6	20.0	6.1
20230327_0700_1400	110558	210562.0	1.0	256.0	R	96.9	3.1	GG	0.7	3.2	1.6	16.6	15.9	-3.1	38.0	2.3	97.7	YR	1.6	4.7	3.0	4.3	2.7	2.3	20.0	5.4
20230327_0700_1400	110558	210565.0	0.0	256.0	R	96.9	3.1	GG	0.7	3.2	1.6	16.6	15.9	-3.1	38.0	6.6	93.4	RG	67.8	4.3	2.7	68.5	0.7	6.6	20.0	9.7
20230327_0700_1400	110561	210566.0	1.0	256.0	M	2.3	97.7	YY	0.5	5.8	5.3	9.4	8.9	2.3	20.0	11.1	88.9	RG	64.7	8.5	7.5	65.3	0.6	11.1	20.0	8.8
20221214_0645_0715	100173	200174.0	1.0	157.0	M	1.9	118.1	YY	0.3	33.4	33.1	29.8	29.5	1.9	22.0	8.8	111.2	RG	59.0	35.8	34.8	96.9	37.9	8.8	22.0	6.9
20221214_0645_0715	100207	200208.0	1.0	157.0	M	119.8	0.2	GY	0.3	18.5	18.2	35.1	34.8	-0.2	22.0	3.3	116.7	YR	0.7	17.6	16.7	38.5	37.8	3.3	22.0	3.5
20221214_0645_0715	100269	200288.0	0.0	157.0	R	156.9	4.9	GG	0.3	3.7	3.5	1.7	1.4	-4.9	24.0	7.4	133.0	RG	82.8	6.3	5.4	83.1	0.3	7.4	28.0	12.3
20221214_0645_0715	100269	200280.0	0.0	157.0	R	156.9	4.9	GG	0.3	3.7	3.5	1.7	1.4	-4.9	24.0	1.1	139.3	YY	0.9	2.3	1.7	6.3	5.4	1.1	28.0	6.0
20221214_0645_0715	100270	200279.0	0.0	157.0	L	157.5	4.3	GG	0.3	2.3	1.9	1.0	0.7	-4.3	24.0	0.0	140.4	YY	0.6	1.0	0.3	8.1	7.5	0.0	28.0	4.3
20221214_0645_0715	100270	200289.0	0.0	157.0	L	157.5	4.3	GG	0.3	2.3	1.9	1.0	0.7	-4.3	24.0	8.1	132.3	RG	80.2	8.1	7.5	80.8	0.6	8.1	28.0	12.4
20221214_0645_0715	100272	200279.0	1.0	157.0	L	158.5	3.3	GG	0.4	1.0	0.7	4.6	4.2	-3.3	24.0	0.0	140.4	YY	0.6	1.0	0.3	8.1	7.5	0.0	28.0	3.3
20221214_0645_0715	100272	200289.0	0.0	157.0	L	158.5	3.3	GG	0.4	1.0	0.7	4.6	4.2	-3.3	24.0	8.1	132.3	RG	80.2	8.1	7.5	80.8	0.6	8.1	28.0	11.4
20221214_0645_0715	100273	200280.0	1.0	157.0	R	158.6	3.2	GG	0.4	1.7	1.4	4.3	3.9	-3.2	24.0	1.1	139.3	YY	0.9	2.3	1.7	6.3	5.4	1.1	28.0	4.3
20221214_0645_0715	100273	200288.0	0.0	157.0	R	158.6	3.2	GG	0.4	1.7	1.4	4.3	3.9	-3.2	24.0	7.4	133.0	RG	82.8	6.3	5.4	83.1	0.3	7.4	28.0	10.6
20221214_0645_0715	100275	200285.0	0.0	157.0	M	160.0	1.8	GG	0.2	5.4	5.0	1.8	1.6	-1.8	24.0	3.4	137.0	YR	0.6	1.8	1.1	5.6	5.0	3.4	28.0	5.2
20221214_0645_0715	100275	200283.0	1.0	157.0	M	160.0	1.8	GG	0.2	5.4	5.0	1.8	1.6	-1.8	24.0	1.6	138.8	YY	0.7	5.3	4.6	1.8	1.1	1.6	28.0	3.4
20221214_0645_0715	100275	200291.0	0.0	157.0	M	160.0	1.8	GG	0.2	5.4	5.0	1.8	1.6	-1.8	24.0	9.0	131.4	RG	79.3	5.6	5.0	80.3	1.0	9.0	28.0	10.8
20221214_0645_0715	100278	200285.0	1.0	157.0	M	0.0	140.4	YY	0.3	1.8	1.6	2.8	2.5	0.0	28.0	3.4	137.0	YR	0.6	1.8	1.1	5.6	5.0	3.4	28.0	3.4
20221214_0645_0715	100278	200291.0	0.0	157.0	M	0.0	140.4	YY	0.3	1.8	1.6	2.8	2.5	0.0	28.0	9.0	131.4	RG	79.3	5.6	5.0	80.3	1.0	9.0	28.0	9.0
20221214_0645_0715	100281	200288.0	1.0	157.0	R	1.1	139.3	YY	0.3	4.3	3.9	7.6	7.3	1.1	28.0	7.4	133.0	RG	82.8	6.3	5.4	83.1	0.3	7.4	28.0	6.3
20221214_0645_0715	100282	200289.0	1.0	157.0	L	1.3	139.1	YY	0.6	4.6	4.2	4.0	3.4	1.3	28.0	8.1	132.3	RG	80.2	8.1	7.5	80.8	0.6	8.1	28.0	6.8
20221214_0645_0715	100284	200291.0	1.0	157.0	M	2.8	137.6	YY	0.3	2.8	2.5	3.9	3.6	2.8	28.0	9.0	131.4	RG	79.3	5.6	5.0	80.3	1.0	9.0	28.0	6.2
20221214_0645_0715	100383	200396.0	0.0	157.0	L	134.7	5.7	GG	0.5	11.2	10.8	2.8	2.3	-5.7	36.0	2.0	138.4	YY	0.9	3.2	2.4	14.0	13.1	2.0	19.0	7.7
20221214_0645_0715	100385	200392.0	1.0	157.0	M	135.8	4.6	GG	0.3	9.5	9.2	1.6	1.3	-4.6	36.0	140.2	0.2	GY	0.8	10.2	9.4	1.4	0.6	-0.2	36.0	4.4
20221214_0645_0715	100385	200394.0	0.0	157.0	M	135.8	4.6	GG	0.3	9.5	9.2	1.6	1.3	-4.6	36.0	1.2	139.2	YY	0.8	1.4	0.6	3.7	2.9	1.2	19.0	5.8
20221214_0645_0715	100385	200397.0	0.0	157.0	M	135.8	4.6	GG	0.3	9.5	9.2	1.6	1.3	-4.6	36.0	4.9	135.5	RG	80.3	3.7	2.9	83.1	2.8	4.9	19.0	9.5
20221214_0645_0715	100386	200398.0	0.0	157.0	R	137.1	3.3	GG	0.4	5.9	5.7	1.1	0.7	-3.3	36.0	5.0	135.4	RR	0.8	3.5	1.5	13.9	13.1	5.0	19.0	8.3
20221214_0645_0715	100386	200395.0	1.0	157.0	R	137.1	3.3	GG	0.4	5.9	5.7	1.1	0.7	-3.3	36.0	1.5	138.9	YY	2.0	7.0	6.2	3.5	1.5	1.5	19.0	4.8
20221214_0645_0715	100387	200397.0	0.0	157.0	M	137.4	3.0	GG	0.3	1.6	1.3	2.2	1.9	-3.0	36.0	4.9	135.5	RG	80.3	3.7	2.9	83.1	2.8	4.9	19.0	7.9
20221214_0645_0715	100387	200394.0	1.0	157.0	M	137.4	3.0	GG	0.3	1.6	1.3	2.2	1.9	-3.0	36.0	1.2	139.2	YY	0.8	1.4	0.6	3.7	2.9	1.2	19.0	4.2
20221214_0645_0715	100387	200392.0	0.0	157.0	M	137.4	3.0	GG	0.3	1.6	1.3	2.2	1.9	-3.0	36.0	140.2	0.2	GY	0.8	10.2	9.4	1.4	0.6	-0.2	36.0	2.8
20221214_0645_0715	100388	200396.0	1.0	157.0	L	137.5	2.9	GG	0.3	2.8	2.3	31.5	31.2	-2.9	36.0	2.0	138.4	YY	0.9	3.2	2.4	14.0	13.1	2.0	19.0	4.9
20221214_0645_0715	100389	200398.0	1.0	157.0	R	138.2	2.2	GG	0.3	1.1	0.7	13.2	12.9	-2.2	36.0	5.0	135.4	RR	0.8	3.5	1.5	13.9	13.1	5.0	19.0	7.2
20221214_0645_0715	100389	200395.0	0.0	157.0	R	138.2	2.2	GG	0.3	1.1	0.7	13.2	12.9	-2.2	36.0	1.5	138.9	YY	2.0	7.0	6.2	3.5	1.5	1.5	19.0	3.7
20221214_0645_0715	100391	200397.0	1.0	157.0	M	139.6	0.8	GY	0.9	2.2	1.9	1.4	0.5	-0.8	36.0	4.9	135.5	RG	80.3	3.7	2.9	83.1	2.8	4.9	19.0	5.7
20221214_0645_0715	100393	200397.0	0.0	157.0	M	0.6	139.8	YY	0.3	1.4	0.5	9.1	8.8	0.6	19.0	4.9	135.5	RG	80.3	3.7	2.9	83.1	2.8	4.9	19.0	4.3
