	file	adv	stop	error
0	20221206_0745_0815	100092	200094.0	-1.5918375150811492
1	20221206_0745_0815	100155	200157.0	0.5203825099449215
2	20221206_0745_0815	100156	200159.0	-0.1544551880398366
3	20221206_0745_0815	100158	200161.0	-0.2665420606331965
4	20221206_0745_0815	100216	200217.0	-0.42647359260544393
5	20221206_0745_0815	100434	200438.0	0.8872441531525777
6	20221206_0745_0815	100524	200525.0	0.9913251277062818
7	20221206_0745_0815	100564	200571.0	3.219806038309743
8	20221206_0745_0815	100566	200571.0	0.6475768728965425
9	20221206_0745_0815	100564	200569.0	-0.4801939616902571
10	20221206_0745_0815	100566	200569.0	-3.0524231271034576
11	20221206_0745_0815	100567	200573.0	1.891307092446767
12	20221206_0745_0815	100638	200639.0	-0.22793374077588435
13	20221206_0745_0815	100693	200695.0	0.8719633103641549
14	20221206_0845_0915	100106	200107.0	-0.5351637588250933
15	20221206_0845_0915	100150	200151.0	-0.43560492798923933
16	20221206_0845_0915	100250	200253.0	2.023187320908571
17	20221206_0845_0915	100374	200382.0	0.377968771653757
18	20221206_0845_0915	100375	200388.0	4.25870915387721
19	20221206_0845_0915	100379	200388.0	2.4283903620732232
20	20221206_0845_0915	100381	200388.0	0.48090563933503816
21	20221206_0845_0915	100377	200384.0	-0.21304322210079496
22	20221206_0845_0915	100377	200389.0	7.986956777899205
23	20221206_0845_0915	100385	200389.0	-0.9420224417696064
24	20221206_0845_0915	100467	200469.0	-1.4468131551948344
25	20221206_0845_0915	100468	200470.0	-0.15996408608482238
26	20221206_0845_0915	100566	200568.0	0.7788714690011282
27	20221214_0745_0815	100073	200076.0	-0.7861850086440851
28	20221214_0745_0815	100137	200138.0	-0.6326891280863132
29	20221214_0745_0815	100187	200188.0	-0.15928772552946935
30	20221214_0745_0815	100311	200313.0	-0.8618879941199369
31	20221214_0745_0815	100365	200367.0	-0.7318254421255244
32	20221214_0745_0815	100546	200548.0	-0.07785676789894858
33	20221214_0745_0815	100603	200604.0	0.6172001902300925
34	20221214_0745_0815	100655	200656.0	0.07100424849570786
35	20221214_0745_0815	100721	200724.0	0.2486385642069715
36	20221214_0745_0815	100771	200773.0	-0.4996688562436029
37	20221214_0745_0815	100772	200774.0	-0.7185894407543847
38	20221214_0845_0915	100309	200310.0	-0.3257986490230307
39	20221214_0845_0915	100311	200312.0	0.8856554089262954
40	20221214_0845_0915	100489	200492.0	0.057050435909178354
41	20221214_0845_0915	100489	200494.0	3.4570504359091787
42	20221214_0845_0915	100491	200494.0	-1.5378245417914322
43	20221214_0845_0915	100490	200493.0	-1.417058142539081
44	20221214_0945_1015	100041	200042.0	-0.5184624032781686
45	20221214_0945_1015	100072	200073.0	-0.6358612229325473
46	20221214_0945_1015	100167	200170.0	0.1806692472433049
47	20221214_0945_1015	100291	200294.0	0.3739636982176773
48	20221214_0945_1015	100291	200299.0	6.373963698217677
49	20221214_0945_1015	100297	200299.0	-3.2385519108407816
50	20221214_0945_1015	100296	200301.0	1.7778893541367644
51	20221214_0945_1015	100369	200370.0	-0.9935285493407298
52	20221214_0945_1015	100438	200440.0	-0.27401107186811036
53	20221214_0945_1015	100439	200440.0	-1.280828497610499
54	20221214_0945_1015	100438	200441.0	0.9259889281318898
55	20221214_0945_1015	100439	200441.0	-0.08082849761049893
56	20221214_0945_1015	100549	200550.0	0.7699821316760733
57	20230327_1415_1900	100053	200056.0	-0.009777235129489803
58	20230327_1415_1900	100170	200171.0	-0.32817240078793475
59	20230327_1415_1900	100237	200239.0	-0.013319119317157124
60	20230327_1415_1900	100304	200306.0	-0.0841325181332877
61	20230327_1415_1900	100305	200308.0	0.39843285859315447
62	20230327_1415_1900	100481	200506.0	4.5798416313501304
63	20230327_1415_1900	100486	200506.0	3.1907228169476705
64	20230327_1415_1900	100491	200506.0	0.5648433314522325
65	20230327_1415_1900	100495	200506.0	-0.19996038319679865
66	20230327_1415_1900	100481	200504.0	3.479841631350131
67	20230327_1415_1900	100486	200504.0	2.09072281694767
68	20230327_1415_1900	100491	200504.0	-0.5351566685477671
69	20230327_1415_1900	100495	200504.0	-1.2999603831967987
70	20230327_1415_1900	100481	200497.0	0.7798416313501297
71	20230327_1415_1900	100486	200497.0	-0.6092771830523298
72	20230327_1415_1900	100482	200501.0	2.5815908361021975
73	20230327_1415_1900	100485	200501.0	1.2588455911673027
74	20230327_1415_1900	100488	200501.0	-0.06600121048767438
75	20230327_1415_1900	100493	200501.0	-1.4190787182240046
76	20230327_1415_1900	100482	200508.0	5.881590836102198
77	20230327_1415_1900	100485	200508.0	4.5588455911673025
78	20230327_1415_1900	100488	200508.0	3.2339987895123254
79	20230327_1415_1900	100493	200508.0	1.8809212817759953
80	20230327_1415_1900	100496	200508.0	0.9825628861972522
81	20230327_1415_1900	100499	200508.0	-1.97160850805371
82	20230327_1415_1900	100503	200508.0	-3.5995747739266135
83	20230327_1415_1900	100482	200498.0	0.8815908361021982
84	20230327_1415_1900	100485	200498.0	-0.4411544088326975
85	20230327_1415_1900	100488	200498.0	-1.7660012104876746
86	20230327_1415_1900	100482	200492.0	-0.41840916389780247
87	20230327_1415_1900	100485	200492.0	-1.7411544088326973
88	20230327_1415_1900	100483	200502.0	2.7407554846565203
89	20230327_1415_1900	100489	200502.0	-0.022309915006913705
90	20230327_1415_1900	100483	200494.0	-0.2592445153434797
91	20230327_1415_1900	100486	200511.0	7.390722816947671
92	20230327_1415_1900	100491	200511.0	4.764843331452234
93	20230327_1415_1900	100495	200511.0	4.0000396168032015
94	20230327_1415_1900	100500	200511.0	-0.4953029776331439
95	20230327_1415_1900	100705	200708.0	0.35295885675278704
96	20230327_1415_1900	100706	200710.0	1.6347188141777709
97	20230327_1415_1900	100769	200780.0	2.327349143130606
98	20230327_1415_1900	100774	200780.0	-0.07188235593194836
99	20230327_1415_1900	100775	200780.0	-0.76471201990375
100	20230327_1415_1900	100769	200776.0	0.12734914313060575
101	20230327_1415_1900	100774	200776.0	-2.271882355931948
102	20230327_1415_1900	100773	200786.0	5.179984036798459
103	20230327_1415_1900	100777	200786.0	-0.07636005959943937
104	20230327_1415_1900	100773	200781.0	1.5799840367984581
105	20230327_1415_1900	100775	200781.0	0.43528798009625014
106	20230327_1415_1900	100777	200781.0	-3.676360059599439
107	20230327_1415_1900	100773	200779.0	-0.02001596320154153
108	20230327_1415_1900	100778	200790.0	0.01557456917027178
109	20230327_1415_1900	100890	200892.0	-0.18770253985278362
110	20230327_1415_1900	100891	200894.0	-0.32755294718925576
111	20230327_1415_1900	101040	201046.0	-0.9483227521971807
112	20230327_1415_1900	101041	201048.0	1.1604646470451687
113	20230327_1415_1900	101045	201048.0	-0.6006412736651647
114	20230327_1415_1900	101041	201047.0	-0.7395353529548307
115	20230327_1415_1900	101049	201052.0	0.030382306067111564
116	20230327_1415_1900	101140	201157.0	5.849101723211735
117	20230327_1415_1900	101145	201157.0	3.874531173829733
118	20230327_1415_1900	101150	201157.0	0.1089457928056845
119	20230327_1415_1900	101140	201149.0	-0.45089827678826566
120	20230327_1415_1900	101145	201149.0	-2.4254688261702677
121	20230327_1415_1900	101140	201153.0	1.649101723211734
122	20230327_1415_1900	101145	201153.0	-0.32546882617026807
123	20230327_1415_1900	101143	201163.0	7.708945538049158
124	20230327_1415_1900	101152	201163.0	0.5849134404861784
125	20230327_1415_1900	101155	201163.0	-0.2515306266230244
126	20230327_1415_1900	101148	201156.0	-0.1558389438389991
127	20230327_1415_1900	101148	201161.0	3.6441610561610016
128	20230327_1415_1900	101151	201161.0	-0.6580780319273645
129	20230327_1415_1900	101155	201161.0	-2.1515306266230247
130	20230327_1415_1900	101315	201318.0	1.2080686869470547
131	20230327_1415_1900	101316	201319.0	1.134377166457572
132	20230327_1415_1900	101317	201319.0	-3.157953003504148
133	20230327_1415_1900	101387	201409.0	5.293615226868309
134	20230327_1415_1900	101393	201409.0	3.603524299753696
135	20230327_1415_1900	101399	201409.0	-0.5200608586602558
136	20230327_1415_1900	101387	201401.0	1.4936152268683092
137	20230327_1415_1900	101393	201401.0	-0.196475700246304
138	20230327_1415_1900	101388	201405.0	3.8045906733072616
139	20230327_1415_1900	101390	201405.0	2.662615217817552
140	20230327_1415_1900	101395	201405.0	0.2348240083361839
141	20230327_1415_1900	101388	201400.0	1.1045906733072615
142	20230327_1415_1900	101390	201400.0	-0.037384782182448006
143	20230327_1415_1900	101395	201400.0	-2.465175991663816
144	20230327_1415_1900	101388	201398.0	-0.09540932669273872
145	20230327_1415_1900	101390	201398.0	-1.2373847821824482
146	20230327_1415_1900	101392	201403.0	0.4408437998552577
147	20230327_1415_1900	101397	201403.0	-2.172077625840058
148	20230327_1415_1900	101392	201411.0	7.2408437998552575
149	20230327_1415_1900	101397	201411.0	4.627922374159942
150	20230327_1415_1900	101402	201411.0	0.4091292856996782
151	20230327_1415_1900	101404	201411.0	-1.6353056548869809
152	20230327_1415_1900	101392	201406.0	2.4408437998552577
153	20230327_1415_1900	101397	201406.0	-0.1720776258400578
154	20230327_1415_1900	101475	201493.0	3.1948211261927275
155	20230327_1415_1900	101481	201493.0	1.0827868865163657
156	20230327_1415_1900	101475	201486.0	-0.10517887380727231
157	20230327_1415_1900	101479	201485.0	-1.4243319026267223
158	20230327_1415_1900	101479	201488.0	0.2756680973732779
159	20230327_1415_1900	101484	201488.0	-2.160837767402937
160	20230327_1415_1900	101479	201491.0	2.0756680973732777
161	20230327_1415_1900	101484	201491.0	-0.3608377674029368
162	20230327_1415_1900	101482	201492.0	0.4314479521730368
163	20230327_1415_1900	101590	201591.0	-0.3404411624325121
164	20230327_1415_1900	101687	201688.0	-0.355435764064703
165	20230327_1415_1900	101689	201690.0	0.468303553577738
166	20230327_1415_1900	101803	201816.0	7.88133692798613
167	20230327_1415_1900	101804	201816.0	5.783436585232834
168	20230327_1415_1900	101807	201816.0	0.5286711881722006
169	20230327_1415_1900	101803	201806.0	0.3813369279861307
170	20230327_1415_1900	101804	201806.0	-1.7165634147671653
171	20230327_1415_1900	101804	201808.0	-0.5165634147671652
172	20230327_1415_1900	101805	201812.0	0.1800025372368559
173	20230327_1415_1900	101916	201928.0	-0.15620164983287488
174	20230327_1415_1900	101922	201928.0	-1.5610038386707372
175	20230327_1415_1900	101916	201941.0	6.943798350167125
176	20230327_1415_1900	101922	201941.0	5.538996161329263
177	20230327_1415_1900	101930	201941.0	0.3385027860526417
178	20230327_1415_1900	101935	201941.0	-1.4341967580567943
179	20230327_1415_1900	101917	201936.0	3.2470887230992043
180	20230327_1415_1900	101923	201936.0	2.057429398121192
181	20230327_1415_1900	101927	201936.0	-0.3179637641694768
182	20230327_1415_1900	101917	201929.0	-0.1529112769007952
183	20230327_1415_1900	101923	201929.0	-1.342570601878808
184	20230327_1415_1900	101917	201933.0	1.8470887230992048
185	20230327_1415_1900	101922	201933.0	0.5389961613292629
186	20230327_1415_1900	101923	201933.0	0.6574293981211925
187	20230327_1415_1900	101927	201933.0	-1.7179637641694763
188	20230327_1415_1900	101917	201932.0	0.7470887230992043
189	20230327_1415_1900	101923	201932.0	-0.44257060187880803
190	20230327_1415_1900	101924	201932.0	-1.2673013921476715
191	20230327_1415_1900	101920	201942.0	7.068816121643908
192	20230327_1415_1900	101924	201942.0	5.632698607852328
193	20230327_1415_1900	101931	201942.0	0.9818255451573359
194	20230327_1415_1900	101920	201934.0	1.4688161216439086
195	20230327_1415_1900	101924	201934.0	0.032698607852328365
196	20230327_1415_1900	101927	201946.0	7.5820362358305236
197	20230327_1415_1900	101937	201946.0	0.6013665741001644
198	20230327_1415_1900	102036	202044.0	6.0185421751293395
199	20230327_1415_1900	102040	202044.0	0.09947473587286915
200	20230327_1415_1900	102036	202041.0	0.31854217512933847
201	20230327_1415_1900	102038	202042.0	-0.006225871514184078
202	20230327_1415_1900	102039	202043.0	1.1490720088186084
203	20230327_1415_1900	102343	202344.0	-0.35771578373032487
204	20230327_1415_1900	102433	202437.0	0.949056175279722
205	20230327_1415_1900	102433	202436.0	-1.050943824720278
206	20230327_1415_1900	102623	202630.0	0.3191966320950428
207	20230327_1415_1900	102624	202630.0	-0.43231473633984674
208	20230327_1415_1900	102624	202639.0	8.067685263660152
209	20230327_1415_1900	102632	202639.0	-0.6687873243268347
210	20230327_1415_1900	102635	202639.0	-1.6852979765348053
211	20230327_1415_1900	102626	202631.0	-0.4626670900514407
212	20230327_1415_1900	102633	202640.0	-0.723254545873699
213	20230327_1415_1900	102634	202642.0	0.46853355156314613
214	20230327_1415_1900	102753	202769.0	4.351040870518607
215	20230327_1415_1900	102756	202769.0	3.379426884413993
216	20230327_1415_1900	102762	202769.0	0.22952828633719413
217	20230327_1415_1900	102753	202761.0	-1.948959129481393
218	20230327_1415_1900	102753	202767.0	2.8510408705186068
219	20230327_1415_1900	102756	202767.0	1.8794268844139932
220	20230327_1415_1900	102762	202767.0	-1.2704717136628059
221	20230327_1415_1900	102754	202770.0	4.745790599140786
222	20230327_1415_1900	102757	202770.0	3.3699173223694157
223	20230327_1415_1900	102763	202770.0	0.9895255523687689
224	20230327_1415_1900	102754	202764.0	0.9457905991407864
225	20230327_1415_1900	102757	202764.0	-0.43008267763058416
226	20230327_1415_1900	102754	202766.0	2.4457905991407864
227	20230327_1415_1900	102757	202766.0	1.0699173223694158
228	20230327_1415_1900	102763	202766.0	-1.3104744476312309
229	20230327_1415_1900	102758	202765.0	-0.31622639706534894
230	20230327_1415_1900	102763	202772.0	6.689525552368768
231	20230327_1415_1900	102768	202772.0	0.518984443156052
232	20230327_1415_1900	102851	202852.0	0.5303214355410191
233	20230327_1415_1900	102898	202906.0	8.481221549367739
234	20230327_1415_1900	102901	202906.0	-0.1728044025825044
235	20230327_1415_1900	102898	202900.0	0.08122154936773818
236	20230327_1415_1900	102899	202905.0	2.6575846442894244
237	20230327_1415_1900	102997	203009.0	5.970934053087735
238	20230327_1415_1900	103000	203009.0	-0.44935128415226355
239	20230327_1415_1900	102997	203001.0	-0.22906594691226534
240	20230327_1415_1900	102998	203010.0	3.855110778170383
241	20230327_1415_1900	103002	203010.0	-0.9450098434550842
242	20230327_1415_1900	102998	203003.0	-0.7448892218296166
243	20230327_1415_1900	102999	203016.0	7.773334221554985
244	20230327_1415_1900	102999	203004.0	-0.7266657784450152
245	20230327_1415_1900	103126	203130.0	-0.09131129367638735
246	20230327_1415_1900	103124	203129.0	0.19266513592561907
247	20230327_1415_1900	103251	203253.0	-1.4619359518602186
248	20230327_1415_1900	103346	203348.0	0.7527209411796862
249	20230327_1415_1900	103438	203445.0	-0.828417505177752
250	20230327_1415_1900	103559	203571.0	0.6537912675860458
251	20230327_1415_1900	103566	203571.0	-2.249427437966605
252	20230327_1415_1900	103559	203573.0	3.6537912675860458
253	20230327_1415_1900	103566	203573.0	0.750572562033395
254	20230327_1415_1900	103563	203572.0	0.9253628289208651
255	20230327_1415_1900	103568	203572.0	-1.1206376628885981
256	20230327_1415_1900	103563	203575.0	2.925362828920865
257	20230327_1415_1900	103568	203575.0	0.8793623371114023
258	20230327_1415_1900	103570	203575.0	-2.572831950809948
259	20230327_1415_1900	103563	203576.0	5.225362828920864
260	20230327_1415_1900	103568	203576.0	3.1793623371114013
261	20230327_1415_1900	103570	203576.0	-0.27283195080994815
262	20230327_1415_1900	103693	203704.0	1.886652297845818
263	20230327_1415_1900	103699	203704.0	-1.207392399551504
264	20230327_1415_1900	103693	203702.0	-0.01334770215418235
265	20230327_1415_1900	103697	203706.0	5.947553643480834
266	20230327_1415_1900	103701	203706.0	1.749346301311272
267	20230327_1415_1900	103697	203705.0	1.3475536434808344
268	20230327_1415_1900	103701	203705.0	-2.850653698688728
269	20230327_1415_1900	103698	203703.0	-0.6076735347093498
270	20230327_1415_1900	103848	203856.0	-0.32423746788589103
271	20230327_1415_1900	103848	203859.0	1.8757625321141091
272	20230327_1415_1900	103850	203859.0	-0.1982682398324176
273	20230327_1415_1900	103854	203859.0	-1.4997791639366111
274	20230327_1415_1900	103848	203864.0	3.175762532114109
275	20230327_1415_1900	103850	203864.0	1.1017317601675822
276	20230327_1415_1900	103854	203864.0	-0.19977916393661133
277	20230327_1415_1900	103858	203864.0	-1.8859519347859428
278	20230327_1415_1900	103848	203869.0	5.675762532114109
279	20230327_1415_1900	103850	203869.0	3.6017317601675822
280	20230327_1415_1900	103854	203869.0	2.3002208360633887
281	20230327_1415_1900	103858	203869.0	0.6140480652140576
282	20230327_1415_1900	103861	203869.0	-3.217414651720662
283	20230327_1415_1900	103849	203857.0	-1.8085098149163112
284	20230327_1415_1900	103849	203862.0	1.0914901850836891
285	20230327_1415_1900	103852	203862.0	0.12925168558678823
286	20230327_1415_1900	103855	203862.0	-1.6276810764022773
287	20230327_1415_1900	103851	203860.0	-0.494153881139356
288	20230327_1415_1900	103851	203876.0	8.005846118860646
289	20230327_1415_1900	103863	203876.0	0.4890630799530076
290	20230327_1415_1900	103855	203878.0	7.072318923597723
291	20230327_1415_1900	103986	203995.0	2.374552099219825
292	20230327_1415_1900	103991	203995.0	-0.6049232323123164
293	20230327_1415_1900	103990	203994.0	0.12251765435249062
294	20230327_1415_1900	103991	203997.0	6.6950767676876834
295	20230327_1415_1900	103996	203997.0	0.186821141744427
296	20230327_1415_1900	104086	204088.0	0.730369181318693
297	20230327_1415_1900	104087	204090.0	-0.21414678524787334
298	20230327_1415_1900	104174	204177.0	-0.4564857049432858
299	20230327_1415_1900	104175	204178.0	-0.13647297856627194
300	20230327_1415_1900	104278	204290.0	1.9367275831942585
301	20230327_1415_1900	104282	204290.0	-0.8903361457841399
302	20230327_1415_1900	104279	204297.0	6.344966834986397
303	20230327_1415_1900	104283	204297.0	4.021723673124816
304	20230327_1415_1900	104288	204297.0	-1.3236227536715273
305	20230327_1415_1900	104279	204289.0	1.544966834986396
306	20230327_1415_1900	104283	204289.0	-0.7782763268751847
307	20230327_1415_1900	104281	204292.0	2.977538915333935
308	20230327_1415_1900	104285	204292.0	-0.8468043257701501
309	20230327_1415_1900	104282	204300.0	6.809663854215861
310	20230327_1415_1900	104291	204300.0	0.03993948907345324
311	20230327_1415_1900	104403	204430.0	7.316753808692848
312	20230327_1415_1900	104406	204430.0	5.170166932886902
313	20230327_1415_1900	104411	204430.0	3.8751317905712916
314	20230327_1415_1900	104413	204430.0	3.161517362514634
315	20230327_1415_1900	104416	204430.0	0.3819375642169609
316	20230327_1415_1900	104421	204430.0	-1.9327980975969767
317	20230327_1415_1900	104403	204424.0	4.116753808692849
318	20230327_1415_1900	104406	204424.0	1.9701669328869027
319	20230327_1415_1900	104411	204424.0	0.6751317905712906
320	20230327_1415_1900	104413	204424.0	-0.03848263748536507
321	20230327_1415_1900	104416	204424.0	-2.818062435783039
322	20230327_1415_1900	104403	204420.0	3.0167538086928483
323	20230327_1415_1900	104406	204420.0	0.8701669328869022
324	20230327_1415_1900	104411	204420.0	-0.42486820942870906
325	20230327_1415_1900	104413	204420.0	-1.1384826374853656
326	20230327_1415_1900	104403	204418.0	1.7167538086928484
327	20230327_1415_1900	104406	204418.0	-0.42983306711309766
328	20230327_1415_1900	104411	204418.0	-1.7248682094287089
329	20230327_1415_1900	104404	204427.0	5.7797398040464065
330	20230327_1415_1900	104410	204427.0	3.604608935778966
331	20230327_1415_1900	104412	204427.0	3.2515429459751353
332	20230327_1415_1900	104417	204427.0	-1.2285038035073752
333	20230327_1415_1900	104422	204427.0	-3.138852161514802
334	20230327_1415_1900	104404	204419.0	1.6797398040464069
335	20230327_1415_1900	104410	204419.0	-0.4953910642210335
336	20230327_1415_1900	104412	204419.0	-0.8484570540248648
337	20230327_1415_1900	104404	204423.0	2.7797398040464074
338	20230327_1415_1900	104410	204423.0	0.6046089357789661
339	20230327_1415_1900	104412	204423.0	0.25154294597513527
340	20230327_1415_1900	104557	204564.0	0.3160300728418184
341	20230327_1415_1900	104562	204568.0	0.9068283252167744
342	20230327_1415_1900	104562	204572.0	6.006828325216775
343	20230327_1415_1900	104567	204572.0	-0.22019940006032357
344	20230327_1415_1900	104569	204572.0	-1.3480785637018196
345	20230327_1415_1900	104781	204788.0	4.69877275817446
346	20230327_1415_1900	104782	204788.0	0.2211972075450257
347	20230327_1415_1900	104903	204914.0	-0.986603682702599
348	20230327_1415_1900	104908	204914.0	-2.3083114353301237
349	20230327_1415_1900	104903	204923.0	6.913396317297401
350	20230327_1415_1900	104908	204923.0	5.591688564669876
351	20230327_1415_1900	104913	204923.0	3.417408674372549
352	20230327_1415_1900	104915	204923.0	1.3642380322754013
353	20230327_1415_1900	104903	204921.0	4.013396317297401
354	20230327_1415_1900	104908	204921.0	2.6916885646698763
355	20230327_1415_1900	104913	204921.0	0.5174086743725486
356	20230327_1415_1900	104915	204921.0	-1.535761967724599
357	20230327_1415_1900	104903	204917.0	1.6133963172974015
358	20230327_1415_1900	104908	204917.0	0.2916885646698759
359	20230327_1415_1900	104913	204917.0	-1.8825913256274518
360	20230327_1415_1900	104906	204916.0	1.0467081927336253
361	20230327_1415_1900	104910	204916.0	-1.1323177822955426
362	20230327_1415_1900	104906	204927.0	8.446708192733626
363	20230327_1415_1900	104910	204927.0	6.267682217704457
364	20230327_1415_1900	104918	204927.0	-1.3710243067646335
365	20230327_1415_1900	104906	204919.0	2.9467081927336256
366	20230327_1415_1900	104910	204919.0	0.7676822177044578
367	20230327_1415_1900	105049	205069.0	7.768689668803549
368	20230327_1415_1900	105054	205069.0	5.322249303273665
369	20230327_1415_1900	105059	205069.0	2.858069323853277
370	20230327_1415_1900	105062	205069.0	0.35843233883598824
371	20230327_1415_1900	105049	205066.0	2.668689668803549
372	20230327_1415_1900	105054	205066.0	0.22224930327366543
373	20230327_1415_1900	105059	205066.0	-2.241930676146723
374	20230327_1415_1900	105049	205061.0	0.7686896688035487
375	20230327_1415_1900	105054	205061.0	-1.677750696726334
376	20230327_1415_1900	105051	205064.0	0.7547983875306343
377	20230327_1415_1900	105051	205060.0	-0.7452016124693657
378	20230327_1415_1900	105055	205063.0	-1.4303266309520577
379	20230327_1415_1900	105065	205073.0	3.0806286928459814
380	20230327_1415_1900	105282	205298.0	2.9889713124723727
381	20230327_1415_1900	105287	205298.0	-0.4903576020884355
382	20230327_1415_1900	105291	205298.0	-1.6085231922698853
383	20230327_1415_1900	105282	205301.0	3.9889713124723727
384	20230327_1415_1900	105287	205301.0	0.5096423979115645
385	20230327_1415_1900	105291	205301.0	-0.6085231922698853
386	20230327_1415_1900	105293	205301.0	-3.487233988255681
387	20230327_1415_1900	105282	205305.0	7.088971312472372
388	20230327_1415_1900	105287	205305.0	3.609642397911564
389	20230327_1415_1900	105291	205305.0	2.4914768077301153
390	20230327_1415_1900	105293	205305.0	-0.387233988255681
391	20230327_1415_1900	105297	205305.0	-1.7506630793388531
392	20230327_1415_1900	105283	205296.0	2.7681930229625147
393	20230327_1415_1900	105286	205296.0	-0.24438144712019838
394	20230327_1415_1900	105288	205296.0	-1.0759933650717834
395	20230327_1415_1900	105283	205300.0	4.168193022962515
396	20230327_1415_1900	105286	205300.0	1.155618552879802
397	20230327_1415_1900	105288	205300.0	0.32400663492821646
398	20230327_1415_1900	105286	205306.0	5.455618552879803
399	20230327_1415_1900	105288	205306.0	4.624006634928216
400	20230327_1415_1900	105295	205306.0	-0.5303536991969686
401	20230327_1415_1900	105299	205306.0	-2.025077394126866
402	20230327_1415_1900	105292	205309.0	5.955327636013208
403	20230327_1415_1900	105294	205309.0	2.533629958545185
404	20230327_1415_1900	105292	205302.0	-0.44467236398679155
405	20230327_1415_1900	105294	205302.0	-3.866370041454816
406	20230327_1415_1900	105377	205389.0	0.15218588161939905
407	20230327_1415_1900	105383	205389.0	-1.4854681326422927
408	20230327_1415_1900	105377	205392.0	1.5521858816193994
409	20230327_1415_1900	105383	205392.0	-0.08546813264229236
410	20230327_1415_1900	105378	205388.0	-0.2921651780543737
411	20230327_1415_1900	105381	205388.0	-1.3678799104281323
412	20230327_1415_1900	105378	205391.0	1.2078348219456263
413	20230327_1415_1900	105381	205391.0	0.13212008957186772
414	20230327_1415_1900	105384	205391.0	-0.7116496337455622
415	20230327_1415_1900	105378	205394.0	2.507834821945627
416	20230327_1415_1900	105381	205394.0	1.4321200895718675
417	20230327_1415_1900	105384	205394.0	0.5883503662544376
418	20230327_1415_1900	105378	205395.0	8.107834821945627
419	20230327_1415_1900	105381	205395.0	7.032120089571868
420	20230327_1415_1900	105384	205395.0	6.188350366254438
421	20230327_1415_1900	105393	205395.0	-0.4519212139524518
422	20230327_1415_1900	105380	205387.0	-0.8293325829963143
423	20230327_1415_1900	105382	205387.0	-2.252126269060562
424	20230327_1415_1900	105380	205390.0	0.5706674170036861
425	20230327_1415_1900	105382	205390.0	-0.8521262690605624
426	20230327_1415_1900	105673	205681.0	1.3250124767015632
427	20230327_1415_1900	105676	205681.0	-1.2861663919547786
428	20230327_1415_1900	105674	205682.0	1.6171595206476583
429	20230327_1415_1900	105678	205682.0	-0.7697965286420274
430	20230327_1415_1900	105674	205679.0	-0.6828404793523415
431	20230327_1415_1900	105675	205687.0	8.11601925737318
432	20230327_1415_1900	105683	205687.0	0.1792603700373272
433	20230327_1415_1900	105684	205687.0	-0.39518103482261147
434	20230327_1415_1900	105675	205680.0	-1.483980742626819
435	20230327_1415_1900	105802	205822.0	6.302310603782197
436	20230327_1415_1900	105805	205822.0	4.313820553309609
437	20230327_1415_1900	105812	205822.0	-0.30424814899177033
438	20230327_1415_1900	105802	205814.0	1.1023106037821968
439	20230327_1415_1900	105805	205814.0	-0.8861794466903907
440	20230327_1415_1900	105806	205811.0	-2.2104802968845187
441	20230327_1415_1900	105806	205817.0	0.989519703115481
442	20230327_1415_1900	105808	205817.0	-0.3650161484744521
443	20230327_1415_1900	105806	205818.0	2.189519703115481
444	20230327_1415_1900	105808	205818.0	0.8349838515255481
445	20230327_1415_1900	105813	205823.0	0.044009624476335496
446	20230327_1415_1900	105815	205823.0	-1.8175898275051292
447	20230327_1415_1900	105940	205950.0	-0.8201020474687146
448	20230327_1415_1900	105940	205952.0	0.779897952531285
449	20230327_1415_1900	105945	205952.0	-1.462865400715038
450	20230327_1415_1900	105940	205954.0	2.8798979525312847
451	20230327_1415_1900	105945	205954.0	0.6371345992849617
452	20230327_1415_1900	105949	205954.0	-1.0970209415765364
453	20230327_1415_1900	105940	205957.0	4.979897952531284
454	20230327_1415_1900	105945	205957.0	2.7371345992849623
455	20230327_1415_1900	105949	205957.0	1.0029790584234632
456	20230327_1415_1900	105941	205951.0	0.4914542779703419
457	20230327_1415_1900	105943	205953.0	1.535400253126598
458	20230327_1415_1900	105947	205953.0	-1.6809378190431632
459	20230327_1415_1900	105943	205956.0	3.835400253126598
460	20230327_1415_1900	105947	205956.0	0.6190621809568366
461	20230327_1415_1900	106048	206049.0	-1.7172373196771904
462	20230327_1415_1900	106232	206249.0	1.5279307352842464
463	20230327_1415_1900	106237	206249.0	0.18471606479454294
464	20230327_1415_1900	106242	206249.0	-1.7752836634347111
465	20230327_1415_1900	106232	206246.0	0.3279307352842462
466	20230327_1415_1900	106237	206246.0	-1.0152839352054572
467	20230327_1415_1900	106232	206252.0	4.127930735284247
468	20230327_1415_1900	106237	206252.0	2.7847160647945426
469	20230327_1415_1900	106242	206252.0	0.824716336565289
470	20230327_1415_1900	106247	206252.0	-3.017188237286332
471	20230327_1415_1900	106233	206257.0	6.599380938483929
472	20230327_1415_1900	106243	206257.0	1.9221769318919577
473	20230327_1415_1900	106233	206244.0	-0.30061906151607154
474	20230327_1415_1900	106235	206250.0	1.6427671386947136
475	20230327_1415_1900	106240	206250.0	0.09876073186507206
476	20230327_1415_1900	106241	206250.0	-1.1584271337775705
477	20230327_1415_1900	106235	206245.0	0.042767138694713935
478	20230327_1415_1900	106240	206245.0	-1.501239268134928
479	20230327_1415_1900	106235	206258.0	6.842767138694713
480	20230327_1415_1900	106240	206258.0	5.298760731865071
481	20230327_1415_1900	106241	206258.0	4.04157286622243
482	20230327_1415_1900	106248	206258.0	0.009068538425165862
483	20230327_1415_1900	106361	206364.0	-0.47118419974556947
484	20230327_1415_1900	106470	206472.0	-1.1645278063227602
485	20230327_1415_1900	106538	206539.0	-0.6237875681916063
486	20230327_1415_1900	106538	206546.0	8.176212431808393
487	20230327_1415_1900	106541	206547.0	0.49424612631210874
488	20230327_1415_1900	106657	206668.0	-0.06598994488763132
489	20230327_1415_1900	106662	206668.0	-1.3846131218034405
490	20230327_1415_1900	106657	206674.0	1.8340100551123681
491	20230327_1415_1900	106662	206674.0	0.5153868781965594
492	20230327_1415_1900	106657	206678.0	3.134010055112368
493	20230327_1415_1900	106662	206678.0	1.8153868781965592
494	20230327_1415_1900	106666	206678.0	-1.0184704459317628
495	20230327_1415_1900	106657	206683.0	6.334010055112369
496	20230327_1415_1900	106662	206683.0	5.015386878196559
497	20230327_1415_1900	106666	206683.0	2.181529554068237
498	20230327_1415_1900	106670	206683.0	0.2410376875228719
499	20230327_1415_1900	106671	206683.0	-1.1732489317222443
500	20230327_1415_1900	106677	206683.0	-2.7276345723359285
501	20230327_1415_1900	106659	206681.0	5.153340097369799
502	20230327_1415_1900	106663	206681.0	4.162106998746489
503	20230327_1415_1900	106667	206681.0	0.6539286430298983
504	20230327_1415_1900	106675	206681.0	-2.8695905246980282
505	20230327_1415_1900	106659	206669.0	-0.14665990263020134
506	20230327_1415_1900	106663	206669.0	-1.1378930012535111
507	20230327_1415_1900	106659	206673.0	1.1533400973697994
508	20230327_1415_1900	106663	206673.0	0.1621069987464887
509	20230327_1415_1900	106664	206680.0	3.5311795098281875
510	20230327_1415_1900	106671	206680.0	-2.373248931722244
511	20230327_1415_1900	106676	206680.0	-4.487944148381977
512	20230327_1415_1900	106664	206672.0	-0.06882049017181213
513	20230327_1415_1900	106955	206972.0	5.581209273507481
514	20230327_1415_1900	106958	206972.0	4.0542803763436925
515	20230327_1415_1900	106963	206972.0	-0.2847236431142113
516	20230327_1415_1900	106955	206964.0	0.4812092735074813
517	20230327_1415_1900	106958	206964.0	-1.045719623656307
518	20230327_1415_1900	106960	206965.0	-0.6105846754182491
519	20230327_1415_1900	106960	206978.0	6.0894153245817515
520	20230327_1415_1900	106967	206978.0	-0.553407421979327
521	20230327_1415_1900	106961	206969.0	0.06235742905150854
522	20230327_1415_1900	107085	207091.0	0.19589036829009565
523	20230327_1415_1900	107087	207092.0	0.2257053423391282
524	20230327_1415_1900	107089	207092.0	-1.6878256050647464
525	20230327_1415_1900	107188	207196.0	6.104876984595288
526	20230327_1415_1900	107193	207196.0	-1.932419009915379
527	20230327_1415_1900	107191	207194.0	-0.2755730419169282
528	20230327_1415_1900	107192	207195.0	-0.6339244813224214
529	20230327_1415_1900	107295	207296.0	-0.12661853192259276
530	20230327_1415_1900	107403	207405.0	0.6687816164746385
531	20230327_1415_1900	107404	207409.0	1.3079094294786593
532	20230327_1415_1900	107548	207550.0	-0.641645727701758
533	20230327_1415_1900	107549	207552.0	0.7992483338480048
534	20230327_1415_1900	107638	207639.0	-0.5475077833962816
535	20230327_1415_1900	107820	207826.0	-0.5066266649383522
536	20230327_1415_1900	107820	207835.0	5.793373335061648
537	20230327_1415_1900	107827	207835.0	-1.2490675249907621
538	20230327_1415_1900	107822	207828.0	-0.25348558800337484
539	20230327_1415_1900	107822	207830.0	1.8465144119966252
540	20230327_1415_1900	107825	207830.0	-0.1585638993536067
541	20230327_1415_1900	107822	207841.0	8.546514411996625
542	20230327_1415_1900	107825	207841.0	6.541436100646393
543	20230327_1415_1900	107829	207841.0	0.8185758150597104
544	20230327_1415_1900	107831	207842.0	0.6494879289048301
545	20230327_1415_1900	107949	207957.0	0.40695926950872696
546	20230327_1415_1900	107949	207962.0	2.1069592695087263
547	20230327_1415_1900	107951	207963.0	2.6179212963591265
548	20230327_1415_1900	107954	207963.0	1.196040298697775
549	20230327_1415_1900	107956	207963.0	-2.5107416690561877
550	20230327_1415_1900	107951	207959.0	0.017921296359125982
551	20230327_1415_1900	107954	207959.0	-1.4039597013022251
552	20230327_1415_1900	107953	207961.0	-0.1854006290689476
553	20230327_1415_1900	107953	207967.0	5.614599370931053
554	20230327_1415_1900	107958	207967.0	0.5009386047753948
555	20230327_1415_1900	108071	208075.0	3.0987831107138355
556	20230327_1415_1900	108072	208075.0	1.5412142518609118
557	20230327_1415_1900	108071	208073.0	-0.30121688928616486
558	20230327_1415_1900	108072	208073.0	-1.8587857481390886
559	20230327_1415_1900	108239	208246.0	-0.2782801590316799
560	20230327_1415_1900	108240	208247.0	0.321294845782921
561	20230327_1415_1900	108242	208247.0	-0.789379494853212
562	20230327_1415_1900	108241	208250.0	0.7280146325751939
563	20230327_1415_1900	108243	208250.0	-1.039563071520221
564	20230327_1415_1900	108329	208330.0	-0.38165254339061727
565	20230327_1415_1900	108331	208332.0	0.44669815984186023
566	20230327_1415_1900	108581	208587.0	-0.6423734274951425
567	20230327_1415_1900	108582	208587.0	-2.6791986663514913
568	20230327_1415_1900	108583	208591.0	-0.03885416260946961
569	20230327_1415_1900	108584	208589.0	-0.5736439967507136
570	20230327_1415_1900	108713	208723.0	0.9354597537387246
571	20230327_1415_1900	108714	208725.0	7.094870286254547
572	20230327_1415_1900	108721	208725.0	3.616709192912463
573	20230327_1415_1900	108724	208725.0	-3.265013717462334
574	20230327_1415_1900	108714	208722.0	0.0948702862545483
575	20230327_1415_1900	108724	208726.0	-0.4650137174623339
576	20230327_1415_1900	108821	208823.0	-0.8317696559717556
577	20230327_1415_1900	108918	208921.0	0.7189821317337666
578	20230327_1415_1900	108991	208994.0	-0.4512888296230604
579	20230327_1415_1900	108995	209001.0	3.923183661431281
580	20230327_1415_1900	108996	209001.0	-0.6667473979458673
581	20230327_1415_1900	108995	208997.0	-0.6768163385687194
582	20230327_1415_1900	109085	209089.0	0.2526790927426532
583	20230327_1415_1900	109086	209090.0	0.355179807154955
584	20230327_1415_1900	109253	209255.0	0.1785335864279176
585	20230327_1415_1900	109325	209336.0	1.1450413486574336
586	20230327_1415_1900	109327	209336.0	-0.20940430514028563
587	20230327_1415_1900	109325	209340.0	3.8450413486574337
588	20230327_1415_1900	109327	209340.0	2.4905956948597137
589	20230327_1415_1900	109330	209340.0	0.635059521303659
590	20230327_1415_1900	109334	209340.0	-0.6228049396149435
591	20230327_1415_1900	109326	209337.0	1.1458302619579444
592	20230327_1415_1900	109329	209337.0	-0.1496178158785728
593	20230327_1415_1900	109326	209344.0	4.845830261957944
594	20230327_1415_1900	109329	209344.0	3.5503821841214274
595	20230327_1415_1900	109335	209344.0	-0.07968226511029464
596	20230327_1415_1900	109338	209344.0	-2.40098703332932
597	20230327_1415_1900	109326	209348.0	8.045830261957946
598	20230327_1415_1900	109329	209348.0	6.750382184121427
599	20230327_1415_1900	109335	209348.0	3.1203177348897055
600	20230327_1415_1900	109338	209348.0	0.7990129666706798
601	20230327_1415_1900	109339	209348.0	-1.742560918000632
602	20230327_1415_1900	109333	209341.0	-0.04899505840175511
603	20230327_1415_1900	109333	209350.0	6.251004941598246
604	20230327_1415_1900	109342	209350.0	-0.5605887115016399
605	20230327_1415_1900	109334	209354.0	8.177195060385056
606	20230327_1415_1900	109343	209354.0	0.8818261816975879
607	20230327_1415_1900	109441	209443.0	0.7562693674216394
608	20230327_1415_1900	109539	209541.0	-0.5373826547116267
609	20230327_1415_1900	109539	209543.0	6.162617345288373
610	20230327_1415_1900	109542	209543.0	-0.524623375598452
611	20230327_1415_1900	109610	209619.0	1.3253322478992722
612	20230327_1415_1900	109613	209619.0	-0.804145662320181
613	20230327_1415_1900	109610	209622.0	5.325332247899273
614	20230327_1415_1900	109613	209622.0	3.195854337679819
615	20230327_1415_1900	109616	209622.0	0.2519398079199382
616	20230327_1415_1900	109612	209617.0	-0.31736384841512333
617	20230327_1415_1900	109612	209624.0	4.682636151584878
618	20230327_1415_1900	109615	209624.0	1.1741323868023272
619	20230327_1415_1900	109686	209702.0	3.3859737323517223
620	20230327_1415_1900	109690	209702.0	2.0301609165804937
621	20230327_1415_1900	109693	209702.0	-0.3639396069081666
622	20230327_1415_1900	109686	209697.0	0.9859737323517219
623	20230327_1415_1900	109690	209697.0	-0.36983908341950666
624	20230327_1415_1900	109688	209698.0	0.49629125603167346
625	20230327_1415_1900	109688	209705.0	5.896291256031674
626	20230327_1415_1900	109696	209705.0	0.6192428002505865
627	20230327_1415_1900	109700	209705.0	-2.203829082134453
628	20230327_1415_1900	109691	209699.0	0.1875000876092363
629	20230327_1415_1900	109691	209704.0	2.1875000876092363
630	20230327_1415_1900	109695	209704.0	-1.103314048788779
631	20230327_1415_1900	109691	209709.0	7.387500087609236
632	20230327_1415_1900	109695	209709.0	4.096685951211221
633	20230327_1415_1900	109701	209709.0	-0.048754479335756606
634	20230327_1415_1900	109693	209711.0	7.736060393091833
635	20230327_1415_1900	109703	209711.0	0.7627622471460871
636	20230327_1415_1900	109842	209848.0	7.5431247468560025
637	20230327_1415_1900	109845	209848.0	0.880504115836354
638	20230327_1415_1900	110005	210011.0	8.65014929937298
639	20230327_1415_1900	110007	210011.0	1.2767001460838525
640	20230327_1415_1900	110005	210006.0	-0.14985070062701933
641	20230327_1415_1900	110107	210113.0	2.022770265107316
642	20230327_1415_1900	110108	210112.0	-2.317284717837342
643	20230327_1415_1900	110108	210117.0	3.582715282162658
644	20230327_1415_1900	110215	210217.0	1.4314640054112742
645	20230327_1415_1900	110216	210217.0	0.9552843730503913
646	20230327_1415_1900	110331	210335.0	-0.521505292051244
647	20230327_1415_1900	110382	210385.0	1.7915792291707984
648	20230327_1415_1900	110383	210385.0	-4.480322821250255
649	20230327_1415_1900	110384	210387.0	0.3233217883854911
650	20230327_1415_1900	110613	210615.0	0.7313424718239814
651	20230327_1415_1900	110735	210737.0	-0.23597616673078647
