	file	adv	stop	error
0	20221206_0745_0815	100092	200094.0	-1.8462395668029785
1	20221206_0745_0815	100155	200157.0	-0.07272424697876012
2	20221206_0745_0815	100156	200159.0	-0.26088266372680646
3	20221206_0745_0815	100158	200161.0	-0.4212923049926758
4	20221206_0745_0815	100216	200217.0	-0.3618122100830079
5	20221206_0745_0815	100434	200438.0	0.3445803642272942
6	20221206_0745_0815	100524	200525.0	0.8542536735534672
7	20221206_0745_0815	100564	200571.0	3.32944917678833
8	20221206_0745_0815	100566	200571.0	0.5981122970581056
9	20221206_0745_0815	100564	200569.0	-0.3705508232116701
10	20221206_0745_0815	100566	200569.0	-3.1018877029418945
11	20221206_0745_0815	100567	200573.0	2.082854080200195
12	20221206_0745_0815	100638	200639.0	-0.3079154014587404
13	20221206_0745_0815	100693	200695.0	0.3304462432861328
14	20221206_0845_0915	100106	200107.0	-0.9748828887939451
15	20221206_0845_0915	100150	200151.0	-0.3576052188873291
16	20221206_0845_0915	100250	200253.0	2.0541971206665037
17	20221206_0845_0915	100374	200382.0	0.2592786788940433
18	20221206_0845_0915	100375	200388.0	4.520804691314698
19	20221206_0845_0915	100379	200388.0	2.663158893585205
20	20221206_0845_0915	100381	200388.0	0.44124069213867223
21	20221206_0845_0915	100377	200384.0	-0.15680370330810556
22	20221206_0845_0915	100377	200389.0	8.043196296691894
23	20221206_0845_0915	100385	200389.0	-1.145694065093994
24	20221206_0845_0915	100467	200469.0	-1.285398387908936
25	20221206_0845_0915	100468	200470.0	-0.19378576278686488
26	20221206_0845_0915	100566	200568.0	-0.5350555419921879
27	20221214_0745_0815	100073	200076.0	-0.550707912445068
28	20221214_0745_0815	100137	200138.0	-0.5321974754333496
29	20221214_0745_0815	100187	200188.0	0.22099418640136737
30	20221214_0745_0815	100311	200313.0	-0.5844965934753414
31	20221214_0745_0815	100365	200367.0	-0.4602656364440918
32	20221214_0745_0815	100546	200548.0	-0.006743717193603338
33	20221214_0745_0815	100603	200604.0	0.688738918304443
34	20221214_0745_0815	100655	200656.0	-0.005663204193115057
35	20221214_0745_0815	100721	200724.0	0.17722806930541957
36	20221214_0745_0815	100771	200773.0	-1.3926536560058596
37	20221214_0745_0815	100772	200774.0	-0.8736278533935549
38	20221214_0845_0915	100309	200310.0	-0.3821555137634274
39	20221214_0845_0915	100311	200312.0	0.5139513969421383
40	20221214_0845_0915	100489	200492.0	0.31717905998229945
41	20221214_0845_0915	100489	200494.0	3.7171790599823
42	20221214_0845_0915	100491	200494.0	-0.9363416671752929
43	20221214_0845_0915	100490	200493.0	-1.7426862716674805
44	20221214_0945_1015	100041	200042.0	-0.40373497009277326
45	20221214_0945_1015	100072	200073.0	-0.40587263107299787
46	20221214_0945_1015	100167	200170.0	0.025102519989014027
47	20221214_0945_1015	100291	200294.0	-0.0826130867004391
48	20221214_0945_1015	100291	200299.0	5.917386913299561
49	20221214_0945_1015	100297	200299.0	-3.1315047264099123
50	20221214_0945_1015	100296	200301.0	1.8601635932922367
51	20221214_0945_1015	100369	200370.0	-1.013433265686035
52	20221214_0945_1015	100438	200440.0	-0.10024423599243182
53	20221214_0945_1015	100439	200440.0	-1.0352742195129396
54	20221214_0945_1015	100438	200441.0	1.0997557640075684
55	20221214_0945_1015	100439	200441.0	0.16472578048706055
56	20221214_0945_1015	100549	200550.0	0.14936571121215803
57	20230327_1415_1900	100053	200056.0	-0.0475636482238766
58	20230327_1415_1900	100170	200171.0	-0.3222818374633789
59	20230327_1415_1900	100237	200239.0	-0.21367788314819336
60	20230327_1415_1900	100304	200306.0	-0.4284937858581541
61	20230327_1415_1900	100305	200308.0	0.44076557159423846
62	20230327_1415_1900	100481	200506.0	4.1763886451721195
63	20230327_1415_1900	100486	200506.0	2.9398080825805666
64	20230327_1415_1900	100491	200506.0	0.4814163208007809
65	20230327_1415_1900	100495	200506.0	-0.13375930786132795
66	20230327_1415_1900	100481	200504.0	3.07638864517212
67	20230327_1415_1900	100486	200504.0	1.839808082580566
68	20230327_1415_1900	100491	200504.0	-0.6185836791992188
69	20230327_1415_1900	100495	200504.0	-1.233759307861328
70	20230327_1415_1900	100481	200497.0	0.3763886451721188
71	20230327_1415_1900	100486	200497.0	-0.8601919174194337
72	20230327_1415_1900	100482	200501.0	2.3923998832702633
73	20230327_1415_1900	100485	200501.0	1.158823776245117
74	20230327_1415_1900	100488	200501.0	-0.42524204254150355
75	20230327_1415_1900	100493	200501.0	-1.5760307312011719
76	20230327_1415_1900	100482	200508.0	5.692399883270264
77	20230327_1415_1900	100485	200508.0	4.458823776245117
78	20230327_1415_1900	100488	200508.0	2.8747579574584963
79	20230327_1415_1900	100493	200508.0	1.723969268798828
80	20230327_1415_1900	100496	200508.0	1.3409382820129396
81	20230327_1415_1900	100499	200508.0	-1.836645317077637
82	20230327_1415_1900	100503	200508.0	-3.883707618713379
83	20230327_1415_1900	100482	200498.0	0.692399883270264
84	20230327_1415_1900	100485	200498.0	-0.5411762237548832
85	20230327_1415_1900	100488	200498.0	-2.1252420425415037
86	20230327_1415_1900	100482	200492.0	-0.6076001167297367
87	20230327_1415_1900	100485	200492.0	-1.841176223754883
88	20230327_1415_1900	100483	200502.0	2.0082332611083986
89	20230327_1415_1900	100489	200502.0	-0.07139644622802699
90	20230327_1415_1900	100483	200494.0	-0.9917667388916014
91	20230327_1415_1900	100486	200511.0	7.139808082580567
92	20230327_1415_1900	100491	200511.0	4.681416320800782
93	20230327_1415_1900	100495	200511.0	4.066240692138672
94	20230327_1415_1900	100500	200511.0	-0.562568187713623
95	20230327_1415_1900	100705	200708.0	-0.2505364418029785
96	20230327_1415_1900	100706	200710.0	1.404375362396241
97	20230327_1415_1900	100769	200780.0	2.358608150482178
98	20230327_1415_1900	100774	200780.0	0.06446962356567365
99	20230327_1415_1900	100775	200780.0	-0.6393952369689941
100	20230327_1415_1900	100769	200776.0	0.1586081504821779
101	20230327_1415_1900	100774	200776.0	-2.135530376434326
102	20230327_1415_1900	100773	200786.0	5.303207778930664
103	20230327_1415_1900	100777	200786.0	-0.3021792411804203
104	20230327_1415_1900	100773	200781.0	1.7032077789306639
105	20230327_1415_1900	100775	200781.0	0.560604763031006
106	20230327_1415_1900	100777	200781.0	-3.90217924118042
107	20230327_1415_1900	100773	200779.0	0.10320777893066424
108	20230327_1415_1900	100778	200790.0	-0.13483228683471715
109	20230327_1415_1900	100890	200892.0	-0.0932637214660641
110	20230327_1415_1900	100891	200894.0	0.14628572463989276
111	20230327_1415_1900	101040	201046.0	-0.73930082321167
112	20230327_1415_1900	101041	201048.0	1.177085971832275
113	20230327_1415_1900	101045	201048.0	-0.618179512023926
114	20230327_1415_1900	101041	201047.0	-0.7229140281677244
115	20230327_1415_1900	101049	201052.0	-0.01097602844238299
116	20230327_1415_1900	101140	201157.0	6.160313892364503
117	20230327_1415_1900	101145	201157.0	3.9330161094665534
118	20230327_1415_1900	101150	201157.0	0.6610536575317383
119	20230327_1415_1900	101140	201149.0	-0.13968610763549805
120	20230327_1415_1900	101145	201149.0	-2.3669838905334473
121	20230327_1415_1900	101140	201153.0	1.9603138923645016
122	20230327_1415_1900	101145	201153.0	-0.2669838905334476
123	20230327_1415_1900	101143	201163.0	7.912497615814209
124	20230327_1415_1900	101152	201163.0	0.5689388275146481
125	20230327_1415_1900	101155	201163.0	-0.7580740928649901
126	20230327_1415_1900	101148	201156.0	0.0019055366516109729
127	20230327_1415_1900	101148	201161.0	3.8019055366516117
128	20230327_1415_1900	101151	201161.0	-0.45049390792846644
129	20230327_1415_1900	101155	201161.0	-2.6580740928649904
130	20230327_1415_1900	101315	201318.0	1.9247017860412594
131	20230327_1415_1900	101316	201319.0	1.5484089851379395
132	20230327_1415_1900	101317	201319.0	-3.0545069694519045
133	20230327_1415_1900	101387	201409.0	5.118655204772949
134	20230327_1415_1900	101393	201409.0	3.7067275047302246
135	20230327_1415_1900	101399	201409.0	-0.2021656036376953
136	20230327_1415_1900	101387	201401.0	1.3186552047729494
137	20230327_1415_1900	101393	201401.0	-0.09327249526977521
138	20230327_1415_1900	101388	201405.0	3.7713402748107914
139	20230327_1415_1900	101390	201405.0	2.784664344787598
140	20230327_1415_1900	101395	201405.0	0.17279510498046857
141	20230327_1415_1900	101388	201400.0	1.0713402748107912
142	20230327_1415_1900	101390	201400.0	0.08466434478759766
143	20230327_1415_1900	101395	201400.0	-2.527204895019531
144	20230327_1415_1900	101388	201398.0	-0.12865972518920898
145	20230327_1415_1900	101390	201398.0	-1.1153356552124025
146	20230327_1415_1900	101392	201403.0	0.16503553390502912
147	20230327_1415_1900	101397	201403.0	-1.9501340866088865
148	20230327_1415_1900	101392	201411.0	6.965035533905029
149	20230327_1415_1900	101397	201411.0	4.849865913391113
150	20230327_1415_1900	101402	201411.0	0.22677898406982422
151	20230327_1415_1900	101404	201411.0	-2.02825288772583
152	20230327_1415_1900	101392	201406.0	2.165035533905029
153	20230327_1415_1900	101397	201406.0	0.04986591339111346
154	20230327_1415_1900	101475	201493.0	3.3754416465759274
155	20230327_1415_1900	101481	201493.0	1.205808544158936
156	20230327_1415_1900	101475	201486.0	0.07544164657592756
157	20230327_1415_1900	101479	201485.0	-1.3086447715759277
158	20230327_1415_1900	101479	201488.0	0.39135522842407244
159	20230327_1415_1900	101484	201488.0	-2.097087001800537
160	20230327_1415_1900	101479	201491.0	2.1913552284240723
161	20230327_1415_1900	101484	201491.0	-0.29708700180053693
162	20230327_1415_1900	101482	201492.0	0.6950160026550289
163	20230327_1415_1900	101590	201591.0	0.25622634887695295
164	20230327_1415_1900	101687	201688.0	-0.3382721900939938
165	20230327_1415_1900	101689	201690.0	0.3329463005065918
166	20230327_1415_1900	101803	201816.0	7.886325073242187
167	20230327_1415_1900	101804	201816.0	5.730957221984863
168	20230327_1415_1900	101807	201816.0	0.44934797286987305
169	20230327_1415_1900	101803	201806.0	0.3863250732421877
170	20230327_1415_1900	101804	201806.0	-1.7690427780151365
171	20230327_1415_1900	101804	201808.0	-0.5690427780151364
172	20230327_1415_1900	101805	201812.0	-0.12925319671630842
173	20230327_1415_1900	101916	201928.0	-0.6968951225280762
174	20230327_1415_1900	101922	201928.0	-1.4034882545471192
175	20230327_1415_1900	101916	201941.0	6.4031048774719235
176	20230327_1415_1900	101922	201941.0	5.696511745452881
177	20230327_1415_1900	101930	201941.0	0.12355852127075195
178	20230327_1415_1900	101935	201941.0	-2.353486728668213
179	20230327_1415_1900	101917	201936.0	3.17319278717041
180	20230327_1415_1900	101923	201936.0	2.3635769367218016
181	20230327_1415_1900	101927	201936.0	-0.14793958663940465
182	20230327_1415_1900	101917	201929.0	-0.2268072128295895
183	20230327_1415_1900	101923	201929.0	-1.0364230632781983
184	20230327_1415_1900	101917	201933.0	1.7731927871704105
185	20230327_1415_1900	101922	201933.0	0.6965117454528809
186	20230327_1415_1900	101923	201933.0	0.9635769367218021
187	20230327_1415_1900	101927	201933.0	-1.5479395866394041
188	20230327_1415_1900	101917	201932.0	0.67319278717041
189	20230327_1415_1900	101923	201932.0	-0.13642306327819842
190	20230327_1415_1900	101924	201932.0	-1.2296436309814451
191	20230327_1415_1900	101920	201942.0	7.172679424285889
192	20230327_1415_1900	101924	201942.0	5.670356369018554
193	20230327_1415_1900	101931	201942.0	0.20572872161865252
194	20230327_1415_1900	101920	201934.0	1.572679424285889
195	20230327_1415_1900	101924	201934.0	0.07035636901855469
196	20230327_1415_1900	101927	201946.0	7.752060413360596
197	20230327_1415_1900	101937	201946.0	0.6967232704162596
198	20230327_1415_1900	102036	202044.0	5.953564453125001
199	20230327_1415_1900	102040	202044.0	0.35488424301147425
200	20230327_1415_1900	102036	202041.0	0.25356445312499964
201	20230327_1415_1900	102038	202042.0	0.2023690223693846
202	20230327_1415_1900	102039	202043.0	1.038391494750977
203	20230327_1415_1900	102343	202344.0	-0.3310349464416502
204	20230327_1415_1900	102433	202437.0	0.5879392623901367
205	20230327_1415_1900	102433	202436.0	-1.4120607376098633
206	20230327_1415_1900	102623	202630.0	0.5415212631225588
207	20230327_1415_1900	102624	202630.0	-0.055707263946533025
208	20230327_1415_1900	102624	202639.0	8.444292736053466
209	20230327_1415_1900	102632	202639.0	-0.6265376091003416
210	20230327_1415_1900	102635	202639.0	-1.861070156097412
211	20230327_1415_1900	102626	202631.0	-0.23022842407226562
212	20230327_1415_1900	102633	202640.0	-0.5918520927429203
213	20230327_1415_1900	102634	202642.0	0.5400770187377928
214	20230327_1415_1900	102753	202769.0	4.251844882965088
215	20230327_1415_1900	102756	202769.0	3.183507823944092
216	20230327_1415_1900	102762	202769.0	0.28029775619506836
217	20230327_1415_1900	102753	202761.0	-2.048155117034912
218	20230327_1415_1900	102753	202767.0	2.751844882965088
219	20230327_1415_1900	102756	202767.0	1.6835078239440922
220	20230327_1415_1900	102762	202767.0	-1.2197022438049316
221	20230327_1415_1900	102754	202770.0	4.3766275405883786
222	20230327_1415_1900	102757	202770.0	3.064302539825439
223	20230327_1415_1900	102763	202770.0	1.143557071685791
224	20230327_1415_1900	102754	202764.0	0.5766275405883787
225	20230327_1415_1900	102757	202764.0	-0.7356974601745607
226	20230327_1415_1900	102754	202766.0	2.0766275405883787
227	20230327_1415_1900	102757	202766.0	0.7643025398254393
228	20230327_1415_1900	102763	202766.0	-1.1564429283142088
229	20230327_1415_1900	102758	202765.0	0.2557169914245607
230	20230327_1415_1900	102763	202772.0	6.84355707168579
231	20230327_1415_1900	102768	202772.0	0.6587562561035156
232	20230327_1415_1900	102851	202852.0	0.5295446395874022
233	20230327_1415_1900	102898	202906.0	9.033904695510865
234	20230327_1415_1900	102901	202906.0	-0.22056798934936506
235	20230327_1415_1900	102898	202900.0	0.6339046955108643
236	20230327_1415_1900	102899	202905.0	3.037201309204102
237	20230327_1415_1900	102997	203009.0	6.229555130004883
238	20230327_1415_1900	103000	203009.0	-0.6323788642883299
239	20230327_1415_1900	102997	203001.0	0.029555130004882635
240	20230327_1415_1900	102998	203010.0	3.9726024627685543
241	20230327_1415_1900	103002	203010.0	-1.002698230743408
242	20230327_1415_1900	102998	203003.0	-0.6273975372314453
243	20230327_1415_1900	102999	203016.0	8.195334100723267
244	20230327_1415_1900	102999	203004.0	-0.3046658992767335
245	20230327_1415_1900	103126	203130.0	-0.18180322647094727
246	20230327_1415_1900	103124	203129.0	0.5611621856689455
247	20230327_1415_1900	103251	203253.0	-1.506426525115967
248	20230327_1415_1900	103346	203348.0	1.0201248168945316
249	20230327_1415_1900	103438	203445.0	-0.4194311141967777
250	20230327_1415_1900	103559	203571.0	0.17330026626586914
251	20230327_1415_1900	103566	203571.0	-1.9922258377075197
252	20230327_1415_1900	103559	203573.0	3.173300266265869
253	20230327_1415_1900	103566	203573.0	1.0077741622924803
254	20230327_1415_1900	103563	203572.0	0.6677407264709476
255	20230327_1415_1900	103568	203572.0	-1.306864356994629
256	20230327_1415_1900	103563	203575.0	2.6677407264709476
257	20230327_1415_1900	103568	203575.0	0.6931356430053714
258	20230327_1415_1900	103570	203575.0	-2.414880466461182
259	20230327_1415_1900	103563	203576.0	4.9677407264709466
260	20230327_1415_1900	103568	203576.0	2.9931356430053704
261	20230327_1415_1900	103570	203576.0	-0.114880466461182
262	20230327_1415_1900	103693	203704.0	2.033772659301758
263	20230327_1415_1900	103699	203704.0	-1.031281089782715
264	20230327_1415_1900	103693	203702.0	0.13377265930175763
265	20230327_1415_1900	103697	203706.0	6.220387172698974
266	20230327_1415_1900	103701	203706.0	1.168993663787842
267	20230327_1415_1900	103697	203705.0	1.6203871726989743
268	20230327_1415_1900	103701	203705.0	-3.431006336212158
269	20230327_1415_1900	103698	203703.0	-0.7089292526245119
270	20230327_1415_1900	103848	203856.0	-0.15496006011962926
271	20230327_1415_1900	103848	203859.0	2.045039939880371
272	20230327_1415_1900	103850	203859.0	0.4497690200805664
273	20230327_1415_1900	103854	203859.0	-1.0901324272155763
274	20230327_1415_1900	103848	203864.0	3.3450399398803707
275	20230327_1415_1900	103850	203864.0	1.7497690200805662
276	20230327_1415_1900	103854	203864.0	0.20986757278442347
277	20230327_1415_1900	103858	203864.0	-2.0307398796081544
278	20230327_1415_1900	103848	203869.0	5.845039939880371
279	20230327_1415_1900	103850	203869.0	4.249769020080566
280	20230327_1415_1900	103854	203869.0	2.7098675727844235
281	20230327_1415_1900	103858	203869.0	0.46926012039184606
282	20230327_1415_1900	103861	203869.0	-3.738418388366699
283	20230327_1415_1900	103849	203857.0	-1.4662575721740723
284	20230327_1415_1900	103849	203862.0	1.433742427825928
285	20230327_1415_1900	103852	203862.0	0.5906355857849119
286	20230327_1415_1900	103855	203862.0	-1.290528106689453
287	20230327_1415_1900	103851	203860.0	-0.3329870223999025
288	20230327_1415_1900	103851	203876.0	8.167012977600098
289	20230327_1415_1900	103863	203876.0	0.3729459762573244
290	20230327_1415_1900	103855	203878.0	7.409471893310547
291	20230327_1415_1900	103986	203995.0	2.6557674407958984
292	20230327_1415_1900	103991	203995.0	-0.6380168914794924
293	20230327_1415_1900	103990	203994.0	0.11915979385375941
294	20230327_1415_1900	103991	203997.0	6.6619831085205075
295	20230327_1415_1900	103996	203997.0	0.32614650726318395
296	20230327_1415_1900	104086	204088.0	0.8040609359741211
297	20230327_1415_1900	104087	204090.0	-0.17714262008666992
298	20230327_1415_1900	104174	204177.0	-1.0287126541137699
299	20230327_1415_1900	104175	204178.0	-0.41185359954833967
300	20230327_1415_1900	104278	204290.0	1.3633049964904789
301	20230327_1415_1900	104282	204290.0	-1.2497743606567386
302	20230327_1415_1900	104279	204297.0	6.537425804138184
303	20230327_1415_1900	104283	204297.0	4.001486587524415
304	20230327_1415_1900	104288	204297.0	-1.103393936157227
305	20230327_1415_1900	104279	204289.0	1.7374258041381836
306	20230327_1415_1900	104283	204289.0	-0.7985134124755859
307	20230327_1415_1900	104281	204292.0	3.1123334884643556
308	20230327_1415_1900	104285	204292.0	-0.8257940292358397
309	20230327_1415_1900	104282	204300.0	6.450225639343262
310	20230327_1415_1900	104291	204300.0	-0.7227273941040036
311	20230327_1415_1900	104403	204430.0	7.114154434204101
312	20230327_1415_1900	104406	204430.0	5.223454093933105
313	20230327_1415_1900	104411	204430.0	3.9825623512268074
314	20230327_1415_1900	104413	204430.0	3.1335311889648434
315	20230327_1415_1900	104416	204430.0	-0.37859096527099645
316	20230327_1415_1900	104421	204430.0	-2.7377650260925295
317	20230327_1415_1900	104403	204424.0	3.914154434204102
318	20230327_1415_1900	104406	204424.0	2.023454093933106
319	20230327_1415_1900	104411	204424.0	0.7825623512268063
320	20230327_1415_1900	104413	204424.0	-0.0664688110351559
321	20230327_1415_1900	104416	204424.0	-3.578590965270996
322	20230327_1415_1900	104403	204420.0	2.8141544342041014
323	20230327_1415_1900	104406	204420.0	0.9234540939331053
324	20230327_1415_1900	104411	204420.0	-0.31743764877319336
325	20230327_1415_1900	104413	204420.0	-1.1664688110351564
326	20230327_1415_1900	104403	204418.0	1.5141544342041016
327	20230327_1415_1900	104406	204418.0	-0.37654590606689453
328	20230327_1415_1900	104411	204418.0	-1.6174376487731932
329	20230327_1415_1900	104404	204427.0	5.774761867523193
330	20230327_1415_1900	104410	204427.0	3.6839137077331543
331	20230327_1415_1900	104412	204427.0	3.4445061683654785
332	20230327_1415_1900	104417	204427.0	-1.3690993309020998
333	20230327_1415_1900	104422	204427.0	-3.168211078643799
334	20230327_1415_1900	104404	204419.0	1.674761867523193
335	20230327_1415_1900	104410	204419.0	-0.41608629226684535
336	20230327_1415_1900	104412	204419.0	-0.6554938316345216
337	20230327_1415_1900	104404	204423.0	2.7747618675231935
338	20230327_1415_1900	104410	204423.0	0.6839137077331543
339	20230327_1415_1900	104412	204423.0	0.4445061683654785
340	20230327_1415_1900	104557	204564.0	0.1588483810424801
341	20230327_1415_1900	104562	204568.0	0.7399828910827635
342	20230327_1415_1900	104562	204572.0	5.839982891082764
343	20230327_1415_1900	104567	204572.0	-0.28037204742431676
344	20230327_1415_1900	104569	204572.0	-1.7007413864135739
345	20230327_1415_1900	104781	204788.0	4.454352378845215
346	20230327_1415_1900	104782	204788.0	-0.21951379776001012
347	20230327_1415_1900	104903	204914.0	-1.114321613311768
348	20230327_1415_1900	104908	204914.0	-2.245521831512451
349	20230327_1415_1900	104903	204923.0	6.785678386688232
350	20230327_1415_1900	104908	204923.0	5.6544781684875485
351	20230327_1415_1900	104913	204923.0	3.3185608863830574
352	20230327_1415_1900	104915	204923.0	0.7603427886962892
353	20230327_1415_1900	104903	204921.0	3.885678386688232
354	20230327_1415_1900	104908	204921.0	2.754478168487549
355	20230327_1415_1900	104913	204921.0	0.418560886383057
356	20230327_1415_1900	104915	204921.0	-2.139657211303711
357	20230327_1415_1900	104903	204917.0	1.4856783866882326
358	20230327_1415_1900	104908	204917.0	0.35447816848754865
359	20230327_1415_1900	104913	204917.0	-1.9814391136169434
360	20230327_1415_1900	104906	204916.0	0.835321998596191
361	20230327_1415_1900	104910	204916.0	-1.147497844696045
362	20230327_1415_1900	104906	204927.0	8.235321998596191
363	20230327_1415_1900	104910	204927.0	6.252502155303954
364	20230327_1415_1900	104918	204927.0	-1.5992933273315426
365	20230327_1415_1900	104906	204919.0	2.7353219985961914
366	20230327_1415_1900	104910	204919.0	0.7525021553039553
367	20230327_1415_1900	105049	205069.0	6.677767753601074
368	20230327_1415_1900	105054	205069.0	4.623976898193359
369	20230327_1415_1900	105059	205069.0	1.504096508026123
370	20230327_1415_1900	105062	205069.0	-0.9127578735351562
371	20230327_1415_1900	105049	205066.0	1.5777677536010746
372	20230327_1415_1900	105054	205066.0	-0.476023101806641
373	20230327_1415_1900	105059	205066.0	-3.595903491973877
374	20230327_1415_1900	105049	205061.0	-0.3222322463989258
375	20230327_1415_1900	105054	205061.0	-2.3760231018066404
376	20230327_1415_1900	105051	205064.0	0.7725232124328612
377	20230327_1415_1900	105051	205060.0	-0.7274767875671388
378	20230327_1415_1900	105055	205063.0	-1.8049774169921875
379	20230327_1415_1900	105065	205073.0	2.6793290138244625
380	20230327_1415_1900	105282	205298.0	3.13572940826416
381	20230327_1415_1900	105287	205298.0	-0.41899881362915004
382	20230327_1415_1900	105291	205298.0	-1.3204023361206056
383	20230327_1415_1900	105282	205301.0	4.13572940826416
384	20230327_1415_1900	105287	205301.0	0.58100118637085
385	20230327_1415_1900	105291	205301.0	-0.32040233612060565
386	20230327_1415_1900	105293	205301.0	-3.2575177192687987
387	20230327_1415_1900	105282	205305.0	7.2357294082641594
388	20230327_1415_1900	105287	205305.0	3.6810011863708496
389	20230327_1415_1900	105291	205305.0	2.779597663879395
390	20230327_1415_1900	105293	205305.0	-0.15751771926879865
391	20230327_1415_1900	105297	205305.0	-2.019671535491943
392	20230327_1415_1900	105283	205296.0	2.789926052093506
393	20230327_1415_1900	105286	205296.0	0.06948385238647425
394	20230327_1415_1900	105288	205296.0	-0.7613788604736329
395	20230327_1415_1900	105283	205300.0	4.189926052093506
396	20230327_1415_1900	105286	205300.0	1.4694838523864746
397	20230327_1415_1900	105288	205300.0	0.638621139526367
398	20230327_1415_1900	105286	205306.0	5.769483852386475
399	20230327_1415_1900	105288	205306.0	4.938621139526367
400	20230327_1415_1900	105295	205306.0	-0.5580347061157225
401	20230327_1415_1900	105299	205306.0	-1.8369256019592282
402	20230327_1415_1900	105292	205309.0	5.802898120880126
403	20230327_1415_1900	105294	205309.0	1.203633117675782
404	20230327_1415_1900	105292	205302.0	-0.5971018791198732
405	20230327_1415_1900	105294	205302.0	-5.196366882324218
406	20230327_1415_1900	105377	205389.0	0.1386757850646969
407	20230327_1415_1900	105383	205389.0	-1.5939884185791016
408	20230327_1415_1900	105377	205392.0	1.5386757850646973
409	20230327_1415_1900	105383	205392.0	-0.1939884185791012
410	20230327_1415_1900	105378	205388.0	-0.22521104812622106
411	20230327_1415_1900	105381	205388.0	-1.364403247833252
412	20230327_1415_1900	105378	205391.0	1.274788951873779
413	20230327_1415_1900	105381	205391.0	0.13559675216674805
414	20230327_1415_1900	105384	205391.0	-0.657963752746582
415	20230327_1415_1900	105378	205394.0	2.5747889518737797
416	20230327_1415_1900	105381	205394.0	1.4355967521667479
417	20230327_1415_1900	105384	205394.0	0.6420362472534178
418	20230327_1415_1900	105378	205395.0	8.17478895187378
419	20230327_1415_1900	105381	205395.0	7.035596752166748
420	20230327_1415_1900	105384	205395.0	6.242036247253418
421	20230327_1415_1900	105393	205395.0	-0.5535387992858887
422	20230327_1415_1900	105380	205387.0	-0.6358927726745609
423	20230327_1415_1900	105382	205387.0	-2.0840285301208494
424	20230327_1415_1900	105380	205390.0	0.7641072273254395
425	20230327_1415_1900	105382	205390.0	-0.68402853012085
426	20230327_1415_1900	105673	205681.0	1.880180311203003
427	20230327_1415_1900	105676	205681.0	-0.9770772933959959
428	20230327_1415_1900	105674	205682.0	2.3392706394195555
429	20230327_1415_1900	105678	205682.0	-0.14101071357727069
430	20230327_1415_1900	105674	205679.0	0.039270639419555664
431	20230327_1415_1900	105675	205687.0	8.450696659088134
432	20230327_1415_1900	105683	205687.0	-0.02749919891357422
433	20230327_1415_1900	105684	205687.0	0.18905315399169886
434	20230327_1415_1900	105675	205680.0	-1.1493033409118651
435	20230327_1415_1900	105802	205822.0	6.333476924896241
436	20230327_1415_1900	105805	205822.0	4.6936857223510735
437	20230327_1415_1900	105812	205822.0	-0.706898880004883
438	20230327_1415_1900	105802	205814.0	1.1334769248962404
439	20230327_1415_1900	105805	205814.0	-0.5063142776489258
440	20230327_1415_1900	105806	205811.0	-2.0513586044311523
441	20230327_1415_1900	105806	205817.0	1.1486413955688475
442	20230327_1415_1900	105808	205817.0	-0.221785926818848
443	20230327_1415_1900	105806	205818.0	2.3486413955688477
444	20230327_1415_1900	105808	205818.0	0.9782140731811522
445	20230327_1415_1900	105813	205823.0	0.1968935012817381
446	20230327_1415_1900	105815	205823.0	-2.51471061706543
447	20230327_1415_1900	105940	205950.0	-1.1335903167724606
448	20230327_1415_1900	105940	205952.0	0.46640968322753906
449	20230327_1415_1900	105945	205952.0	-1.573334503173828
450	20230327_1415_1900	105940	205954.0	2.5664096832275387
451	20230327_1415_1900	105945	205954.0	0.5266654968261717
452	20230327_1415_1900	105949	205954.0	-1.2446010589599608
453	20230327_1415_1900	105940	205957.0	4.666409683227538
454	20230327_1415_1900	105945	205957.0	2.6266654968261722
455	20230327_1415_1900	105949	205957.0	0.8553989410400389
456	20230327_1415_1900	105941	205951.0	0.7879701614379879
457	20230327_1415_1900	105943	205953.0	0.9431698799133299
458	20230327_1415_1900	105947	205953.0	-1.8294851303100588
459	20230327_1415_1900	105943	205956.0	3.2431698799133297
460	20230327_1415_1900	105947	205956.0	0.47051486968994105
461	20230327_1415_1900	106048	206049.0	-1.58142728805542
462	20230327_1415_1900	106232	206249.0	1.7924430847167967
463	20230327_1415_1900	106237	206249.0	0.5221185684204102
464	20230327_1415_1900	106242	206249.0	-1.6810635566711425
465	20230327_1415_1900	106232	206246.0	0.5924430847167965
466	20230327_1415_1900	106237	206246.0	-0.67788143157959
467	20230327_1415_1900	106232	206252.0	4.392443084716797
468	20230327_1415_1900	106237	206252.0	3.12211856842041
469	20230327_1415_1900	106242	206252.0	0.9189364433288576
470	20230327_1415_1900	106247	206252.0	-2.780768871307373
471	20230327_1415_1900	106233	206257.0	6.738407611846924
472	20230327_1415_1900	106243	206257.0	2.389964771270752
473	20230327_1415_1900	106233	206244.0	-0.16159238815307653
474	20230327_1415_1900	106235	206250.0	1.8221445083618164
475	20230327_1415_1900	106240	206250.0	0.19815397262573242
476	20230327_1415_1900	106241	206250.0	-0.8072442054748534
477	20230327_1415_1900	106235	206245.0	0.22214450836181676
478	20230327_1415_1900	106240	206245.0	-1.4018460273742677
479	20230327_1415_1900	106235	206258.0	7.022144508361816
480	20230327_1415_1900	106240	206258.0	5.398153972625732
481	20230327_1415_1900	106241	206258.0	4.392755794525147
482	20230327_1415_1900	106248	206258.0	0.09491529464721715
483	20230327_1415_1900	106361	206364.0	-0.440086078643799
484	20230327_1415_1900	106470	206472.0	-1.2721041679382328
485	20230327_1415_1900	106538	206539.0	-0.36474604606628436
486	20230327_1415_1900	106538	206546.0	8.435253953933715
487	20230327_1415_1900	106541	206547.0	0.6204153060913082
488	20230327_1415_1900	106657	206668.0	-0.07611093521118129
489	20230327_1415_1900	106662	206668.0	-1.2199038505554198
490	20230327_1415_1900	106657	206674.0	1.8238890647888182
491	20230327_1415_1900	106662	206674.0	0.6800961494445801
492	20230327_1415_1900	106657	206678.0	3.123889064788818
493	20230327_1415_1900	106662	206678.0	1.98009614944458
494	20230327_1415_1900	106666	206678.0	-0.9742403984069825
495	20230327_1415_1900	106657	206683.0	6.323889064788819
496	20230327_1415_1900	106662	206683.0	5.18009614944458
497	20230327_1415_1900	106666	206683.0	2.2257596015930172
498	20230327_1415_1900	106670	206683.0	0.7166834831237789
499	20230327_1415_1900	106671	206683.0	-1.1878458976745607
500	20230327_1415_1900	106677	206683.0	-3.379949188232422
501	20230327_1415_1900	106659	206681.0	5.484680557250977
502	20230327_1415_1900	106663	206681.0	4.4239860534667965
503	20230327_1415_1900	106667	206681.0	0.6988405227661136
504	20230327_1415_1900	106675	206681.0	-2.923171615600586
505	20230327_1415_1900	106659	206669.0	0.1846805572509762
506	20230327_1415_1900	106663	206669.0	-0.8760139465332033
507	20230327_1415_1900	106659	206673.0	1.484680557250977
508	20230327_1415_1900	106663	206673.0	0.4239860534667965
509	20230327_1415_1900	106664	206680.0	3.8320451259613035
510	20230327_1415_1900	106671	206680.0	-2.3878458976745605
511	20230327_1415_1900	106676	206680.0	-4.502401638031006
512	20230327_1415_1900	106664	206672.0	0.2320451259613039
513	20230327_1415_1900	106955	206972.0	5.431509590148925
514	20230327_1415_1900	106958	206972.0	4.190443611145019
515	20230327_1415_1900	106963	206972.0	-0.5499192237854
516	20230327_1415_1900	106955	206964.0	0.3315095901489258
517	20230327_1415_1900	106958	206964.0	-0.9095563888549805
518	20230327_1415_1900	106960	206965.0	-0.47272672653198233
519	20230327_1415_1900	106960	206978.0	6.227273273468018
520	20230327_1415_1900	106967	206978.0	-0.6416572570800785
521	20230327_1415_1900	106961	206969.0	0.1472443580627445
522	20230327_1415_1900	107085	207091.0	0.5380834579467777
523	20230327_1415_1900	107087	207092.0	0.3554043769836426
524	20230327_1415_1900	107089	207092.0	-2.2434097290039063
525	20230327_1415_1900	107188	207196.0	6.135159301757813
526	20230327_1415_1900	107193	207196.0	-1.6144153594970705
527	20230327_1415_1900	107191	207194.0	-0.42061700820922887
528	20230327_1415_1900	107192	207195.0	-0.5541409492492679
529	20230327_1415_1900	107295	207296.0	-0.43111515045166016
530	20230327_1415_1900	107403	207405.0	0.4316667556762699
531	20230327_1415_1900	107404	207409.0	1.5401064872741692
532	20230327_1415_1900	107548	207550.0	-0.7859460830688478
533	20230327_1415_1900	107549	207552.0	0.6467172622680666
534	20230327_1415_1900	107638	207639.0	-0.4388573169708252
535	20230327_1415_1900	107820	207826.0	-0.08622627258300763
536	20230327_1415_1900	107820	207835.0	6.213773727416992
537	20230327_1415_1900	107827	207835.0	-0.7850375175476074
538	20230327_1415_1900	107822	207828.0	0.07458248138427725
539	20230327_1415_1900	107822	207830.0	2.1745824813842773
540	20230327_1415_1900	107825	207830.0	0.3110771179199219
541	20230327_1415_1900	107822	207841.0	8.874582481384277
542	20230327_1415_1900	107825	207841.0	7.011077117919921
543	20230327_1415_1900	107829	207841.0	0.7632979393005375
544	20230327_1415_1900	107831	207842.0	0.4415677070617674
545	20230327_1415_1900	107949	207957.0	0.5080040931701664
546	20230327_1415_1900	107949	207962.0	2.2080040931701657
547	20230327_1415_1900	107951	207963.0	2.8395961761474613
548	20230327_1415_1900	107954	207963.0	1.3260175704956056
549	20230327_1415_1900	107956	207963.0	-2.5292403221130373
550	20230327_1415_1900	107951	207959.0	0.23959617614746076
551	20230327_1415_1900	107954	207959.0	-1.2739824295043944
552	20230327_1415_1900	107953	207961.0	0.11243104934692383
553	20230327_1415_1900	107953	207967.0	5.9124310493469245
554	20230327_1415_1900	107958	207967.0	0.14987506866455114
555	20230327_1415_1900	108071	208075.0	3.1931289672851566
556	20230327_1415_1900	108072	208075.0	1.1464731216430666
557	20230327_1415_1900	108071	208073.0	-0.20687103271484375
558	20230327_1415_1900	108072	208073.0	-2.2535268783569338
559	20230327_1415_1900	108239	208246.0	-0.21828317642211914
560	20230327_1415_1900	108240	208247.0	0.19910659790039098
561	20230327_1415_1900	108242	208247.0	-0.3040515899658205
562	20230327_1415_1900	108241	208250.0	0.6997386932373049
563	20230327_1415_1900	108243	208250.0	-1.052075290679932
564	20230327_1415_1900	108329	208330.0	-0.37684831619262704
565	20230327_1415_1900	108331	208332.0	0.612960243225098
566	20230327_1415_1900	108581	208587.0	-0.6768013000488278
567	20230327_1415_1900	108582	208587.0	-2.4062095642089845
568	20230327_1415_1900	108583	208591.0	-0.3894351959228519
569	20230327_1415_1900	108584	208589.0	0.09988813400268537
570	20230327_1415_1900	108713	208723.0	0.07832860946655273
571	20230327_1415_1900	108714	208725.0	6.960591030120849
572	20230327_1415_1900	108721	208725.0	3.1891604423522946
573	20230327_1415_1900	108724	208725.0	-3.321388339996338
574	20230327_1415_1900	108714	208722.0	-0.03940896987915021
575	20230327_1415_1900	108724	208726.0	-0.5213883399963377
576	20230327_1415_1900	108821	208823.0	-0.9833624839782713
577	20230327_1415_1900	108918	208921.0	0.3846096992492676
578	20230327_1415_1900	108991	208994.0	-0.3688889980316161
579	20230327_1415_1900	108995	209001.0	4.258245849609375
580	20230327_1415_1900	108996	209001.0	-0.5853816032409664
581	20230327_1415_1900	108995	208997.0	-0.3417541503906252
582	20230327_1415_1900	109085	209089.0	0.3380260467529297
583	20230327_1415_1900	109086	209090.0	0.2538585662841797
584	20230327_1415_1900	109253	209255.0	0.16526670455932635
585	20230327_1415_1900	109325	209336.0	0.9657199859619139
586	20230327_1415_1900	109327	209336.0	-0.07264432907104457
587	20230327_1415_1900	109325	209340.0	3.665719985961914
588	20230327_1415_1900	109327	209340.0	2.6273556709289547
589	20230327_1415_1900	109330	209340.0	0.5587177276611328
590	20230327_1415_1900	109334	209340.0	-0.39434928894042987
591	20230327_1415_1900	109326	209337.0	1.085407638549805
592	20230327_1415_1900	109329	209337.0	-0.08376245498657209
593	20230327_1415_1900	109326	209344.0	4.785407638549804
594	20230327_1415_1900	109329	209344.0	3.616237545013428
595	20230327_1415_1900	109335	209344.0	0.1869064331054684
596	20230327_1415_1900	109338	209344.0	-1.8242167472839355
597	20230327_1415_1900	109326	209348.0	7.985407638549805
598	20230327_1415_1900	109329	209348.0	6.816237545013427
599	20230327_1415_1900	109335	209348.0	3.3869064331054686
600	20230327_1415_1900	109338	209348.0	1.3757832527160643
601	20230327_1415_1900	109339	209348.0	-1.6468891143798832
602	20230327_1415_1900	109333	209341.0	0.22570443153381348
603	20230327_1415_1900	109333	209350.0	6.525704431533814
604	20230327_1415_1900	109342	209350.0	-0.23300094604492205
605	20230327_1415_1900	109334	209354.0	8.40565071105957
606	20230327_1415_1900	109343	209354.0	0.8923171997070316
607	20230327_1415_1900	109441	209443.0	0.5095851898193358
608	20230327_1415_1900	109539	209541.0	-0.18850679397583026
609	20230327_1415_1900	109539	209543.0	6.51149320602417
610	20230327_1415_1900	109542	209543.0	-0.8382221221923825
611	20230327_1415_1900	109610	209619.0	1.3376362800598143
612	20230327_1415_1900	109613	209619.0	-0.6126297950744632
613	20230327_1415_1900	109610	209622.0	5.337636280059815
614	20230327_1415_1900	109613	209622.0	3.3873702049255368
615	20230327_1415_1900	109616	209622.0	0.15274372100830114
616	20230327_1415_1900	109612	209617.0	-0.07709832191467303
617	20230327_1415_1900	109612	209624.0	4.922901678085328
618	20230327_1415_1900	109615	209624.0	1.256264781951904
619	20230327_1415_1900	109686	209702.0	3.3024286270141605
620	20230327_1415_1900	109690	209702.0	2.0023092269897464
621	20230327_1415_1900	109693	209702.0	-0.19623994827270508
622	20230327_1415_1900	109686	209697.0	0.9024286270141602
623	20230327_1415_1900	109690	209697.0	-0.3976907730102539
624	20230327_1415_1900	109688	209698.0	0.5716890335083011
625	20230327_1415_1900	109688	209705.0	5.9716890335083015
626	20230327_1415_1900	109696	209705.0	0.8138703346252445
627	20230327_1415_1900	109700	209705.0	-2.282131385803223
628	20230327_1415_1900	109691	209699.0	0.22922801971435547
629	20230327_1415_1900	109691	209704.0	2.2292280197143555
630	20230327_1415_1900	109695	209704.0	-0.9878321647644044
631	20230327_1415_1900	109691	209709.0	7.429228019714355
632	20230327_1415_1900	109695	209709.0	4.212167835235595
633	20230327_1415_1900	109701	209709.0	0.18631362915039062
634	20230327_1415_1900	109693	209711.0	7.903760051727295
635	20230327_1415_1900	109703	209711.0	0.8024253845214844
636	20230327_1415_1900	109842	209848.0	7.486083889007569
637	20230327_1415_1900	109845	209848.0	0.6697355270385739
638	20230327_1415_1900	110005	210011.0	8.845588731765748
639	20230327_1415_1900	110007	210011.0	1.3364017486572264
640	20230327_1415_1900	110005	210006.0	0.04558873176574707
641	20230327_1415_1900	110107	210113.0	1.8532490730285645
642	20230327_1415_1900	110108	210112.0	-2.9789952278137206
643	20230327_1415_1900	110108	210117.0	2.9210047721862793
644	20230327_1415_1900	110215	210217.0	1.3440985679626465
645	20230327_1415_1900	110216	210217.0	0.9450952529907228
646	20230327_1415_1900	110331	210335.0	0.22317028045654297
647	20230327_1415_1900	110382	210385.0	1.9522428512573242
648	20230327_1415_1900	110383	210385.0	-4.437716388702393
649	20230327_1415_1900	110384	210387.0	0.18401823043823207
650	20230327_1415_1900	110613	210615.0	0.9644565582275391
651	20230327_1415_1900	110735	210737.0	-0.10245552062988317
